layersCount ->100
Rows ->25
Cols ->6
Layer [0] values
2, 2, 2, 2, 2, 2, 1, 2, 2, 2, 2, 2, 2, 2, 2, 2, 0, 2, 2, 2, 2, 1, 2, 2, 2, 
2, 2, 0, 2, 2, 2, 2, 2, 1, 0, 2, 0, 2, 2, 2, 2, 2, 1, 2, 2, 2, 2, 2, 2, 2, 
2, 0, 0, 1, 2, 2, 2, 2, 2, 2, 2, 2, 2, 2, 2, 1, 1, 2, 2, 2, 2, 2, 2, 1, 2, 
2, 2, 2, 2, 2, 2, 2, 0, 2, 2, 2, 0, 2, 2, 2, 2, 2, 2, 2, 2, 2, 1, 1, 0, 2, 
2, 2, 2, 2, 0, 1, 2, 2, 2, 0, 2, 2, 2, 2, 2, 2, 2, 2, 2, 2, 2, 2, 2, 2, 2, 
2, 2, 2, 2, 2, 2, 2, 2, 2, 2, 2, 2, 2, 0, 2, 2, 0, 2, 2, 2, 1, 0, 2, 2, 2, 
Layer [1] values
2, 2, 2, 2, 2, 2, 1, 2, 2, 2, 2, 2, 2, 2, 2, 2, 2, 2, 2, 2, 2, 1, 2, 2, 2, 
2, 2, 2, 2, 2, 2, 2, 2, 0, 0, 2, 1, 2, 2, 2, 2, 2, 0, 2, 2, 2, 2, 2, 2, 2, 
2, 0, 1, 2, 2, 2, 2, 2, 2, 2, 2, 2, 2, 2, 2, 0, 2, 2, 2, 2, 2, 2, 2, 1, 2, 
2, 2, 2, 2, 2, 2, 2, 2, 2, 2, 2, 1, 2, 2, 2, 2, 2, 2, 2, 2, 2, 2, 1, 2, 2, 
2, 2, 2, 2, 2, 1, 2, 2, 2, 0, 2, 2, 2, 2, 2, 2, 2, 2, 2, 2, 2, 2, 2, 2, 2, 
2, 2, 2, 2, 2, 2, 2, 2, 2, 2, 2, 2, 2, 0, 2, 2, 0, 2, 2, 2, 1, 0, 2, 2, 2, 
Layer [2] values
2, 2, 2, 2, 2, 2, 0, 2, 2, 2, 2, 2, 2, 2, 2, 2, 0, 2, 2, 2, 2, 0, 2, 2, 2, 
2, 2, 1, 2, 2, 2, 2, 2, 1, 0, 2, 2, 2, 2, 2, 2, 2, 1, 2, 2, 2, 2, 2, 2, 2, 
2, 2, 0, 2, 2, 2, 2, 2, 2, 2, 2, 2, 2, 2, 2, 2, 0, 2, 2, 2, 2, 2, 2, 0, 2, 
2, 2, 2, 2, 2, 2, 2, 1, 2, 2, 2, 2, 2, 2, 2, 2, 2, 2, 2, 2, 2, 1, 0, 0, 2, 
2, 2, 2, 2, 1, 1, 2, 2, 2, 0, 2, 2, 2, 2, 2, 2, 2, 2, 2, 2, 2, 2, 2, 2, 2, 
2, 2, 2, 2, 2, 2, 2, 2, 2, 2, 2, 2, 2, 2, 2, 2, 1, 2, 2, 2, 2, 1, 2, 2, 2, 
Layer [3] values
2, 2, 2, 2, 2, 2, 2, 2, 2, 2, 2, 2, 2, 2, 2, 2, 0, 2, 2, 2, 2, 0, 2, 2, 2, 
2, 2, 0, 2, 2, 2, 2, 2, 1, 1, 2, 1, 2, 2, 2, 2, 2, 0, 2, 2, 2, 2, 2, 2, 2, 
2, 2, 2, 1, 2, 2, 2, 2, 2, 2, 2, 2, 2, 2, 2, 0, 0, 2, 2, 2, 2, 2, 2, 1, 2, 
2, 2, 2, 2, 2, 2, 2, 0, 2, 2, 2, 0, 2, 2, 2, 2, 2, 2, 2, 2, 2, 0, 1, 2, 2, 
2, 2, 2, 2, 2, 0, 2, 2, 2, 1, 2, 2, 2, 2, 2, 2, 2, 2, 2, 2, 2, 2, 2, 2, 2, 
2, 2, 2, 2, 2, 2, 2, 2, 2, 2, 2, 2, 2, 1, 2, 2, 2, 2, 2, 2, 1, 0, 2, 2, 2, 
Layer [4] values
2, 2, 2, 2, 2, 2, 2, 2, 2, 2, 2, 2, 2, 2, 2, 2, 0, 2, 2, 2, 2, 2, 2, 2, 2, 
2, 2, 0, 2, 2, 2, 2, 2, 0, 0, 2, 2, 2, 2, 2, 2, 2, 2, 2, 2, 2, 2, 2, 2, 2, 
2, 2, 2, 0, 2, 2, 2, 2, 2, 2, 2, 2, 2, 2, 2, 1, 2, 2, 2, 2, 2, 2, 2, 1, 2, 
2, 2, 2, 2, 2, 2, 2, 0, 2, 2, 2, 0, 2, 2, 2, 2, 2, 2, 2, 2, 2, 1, 2, 1, 2, 
2, 2, 2, 2, 2, 0, 2, 2, 2, 1, 2, 2, 2, 2, 2, 2, 2, 2, 2, 2, 2, 2, 2, 2, 2, 
2, 2, 2, 2, 2, 2, 2, 2, 2, 2, 2, 2, 2, 2, 2, 2, 0, 2, 2, 2, 2, 2, 2, 2, 2, 
Layer [5] values
2, 2, 2, 2, 2, 2, 1, 2, 2, 2, 2, 2, 2, 2, 2, 2, 0, 2, 2, 2, 2, 2, 2, 2, 2, 
2, 2, 0, 2, 2, 2, 2, 2, 2, 1, 2, 1, 0, 2, 2, 2, 2, 1, 2, 2, 2, 2, 2, 2, 2, 
2, 2, 1, 2, 2, 2, 2, 2, 2, 2, 2, 2, 2, 2, 2, 0, 0, 2, 2, 2, 2, 2, 2, 2, 2, 
2, 2, 2, 2, 2, 2, 0, 2, 2, 2, 2, 0, 2, 2, 2, 2, 2, 2, 2, 2, 2, 2, 0, 1, 2, 
2, 2, 2, 2, 2, 1, 2, 2, 2, 2, 2, 2, 2, 2, 2, 2, 2, 2, 2, 2, 2, 2, 2, 2, 2, 
2, 2, 2, 2, 2, 2, 2, 2, 2, 2, 2, 2, 2, 0, 2, 2, 1, 2, 2, 2, 2, 2, 2, 2, 2, 
Layer [6] values
2, 2, 2, 2, 2, 2, 0, 2, 2, 2, 2, 2, 2, 2, 2, 2, 0, 2, 2, 2, 2, 1, 2, 2, 2, 
2, 2, 2, 2, 2, 2, 2, 2, 2, 1, 2, 1, 1, 2, 2, 2, 2, 2, 2, 2, 2, 0, 2, 2, 2, 
2, 0, 1, 2, 2, 2, 2, 2, 2, 2, 2, 2, 2, 2, 2, 1, 2, 2, 2, 2, 2, 2, 2, 2, 2, 
2, 2, 2, 2, 2, 2, 2, 2, 2, 2, 2, 2, 2, 2, 2, 2, 2, 2, 2, 2, 2, 2, 0, 0, 2, 
2, 2, 2, 2, 2, 2, 2, 2, 2, 2, 2, 2, 2, 2, 2, 2, 2, 2, 2, 2, 1, 2, 2, 2, 2, 
2, 2, 2, 2, 2, 2, 2, 2, 2, 0, 2, 2, 2, 1, 2, 2, 0, 2, 2, 2, 1, 1, 2, 2, 2, 
Layer [7] values
2, 2, 2, 2, 2, 2, 2, 2, 2, 2, 2, 2, 2, 2, 2, 2, 0, 2, 2, 2, 2, 0, 2, 2, 2, 
2, 2, 1, 2, 2, 2, 2, 2, 2, 0, 2, 1, 1, 2, 2, 2, 2, 1, 2, 0, 2, 0, 2, 2, 2, 
2, 1, 1, 1, 2, 2, 2, 2, 2, 2, 2, 2, 0, 2, 2, 0, 0, 2, 2, 2, 2, 2, 2, 2, 2, 
2, 2, 2, 2, 2, 2, 1, 1, 2, 2, 2, 1, 2, 2, 2, 2, 2, 2, 2, 2, 2, 1, 0, 2, 2, 
2, 2, 2, 2, 1, 2, 2, 2, 2, 0, 2, 2, 2, 2, 2, 2, 2, 2, 2, 2, 0, 2, 2, 2, 2, 
2, 2, 2, 2, 2, 2, 2, 2, 2, 0, 2, 2, 2, 0, 2, 2, 1, 2, 2, 2, 0, 2, 2, 2, 2, 
Layer [8] values
2, 2, 2, 2, 2, 2, 2, 2, 2, 2, 2, 2, 2, 2, 2, 2, 1, 2, 2, 2, 2, 0, 2, 2, 2, 
2, 2, 2, 2, 2, 2, 2, 2, 0, 2, 2, 1, 0, 2, 2, 2, 2, 2, 2, 0, 2, 2, 2, 2, 2, 
2, 2, 2, 0, 2, 2, 2, 2, 2, 2, 2, 2, 1, 2, 2, 0, 2, 2, 2, 2, 2, 2, 2, 0, 2, 
2, 2, 2, 2, 2, 2, 2, 2, 2, 2, 2, 1, 2, 2, 2, 2, 2, 2, 2, 2, 2, 2, 0, 1, 2, 
2, 2, 2, 2, 1, 0, 2, 2, 2, 0, 2, 2, 2, 2, 2, 2, 2, 2, 2, 2, 0, 2, 2, 2, 2, 
2, 2, 2, 2, 2, 2, 2, 2, 2, 2, 2, 2, 2, 2, 2, 2, 0, 2, 2, 2, 1, 0, 2, 2, 2, 
Layer [9] values
2, 2, 2, 2, 2, 2, 2, 2, 2, 2, 2, 2, 2, 2, 2, 2, 2, 2, 2, 2, 2, 1, 2, 2, 2, 
2, 2, 1, 2, 2, 2, 2, 2, 0, 1, 2, 0, 0, 2, 2, 2, 2, 2, 2, 0, 2, 0, 2, 2, 2, 
2, 1, 0, 2, 2, 2, 2, 2, 2, 2, 2, 2, 0, 2, 2, 2, 0, 2, 2, 2, 2, 2, 2, 2, 2, 
2, 2, 2, 2, 2, 2, 2, 0, 2, 2, 2, 0, 2, 2, 2, 2, 2, 2, 2, 2, 2, 1, 2, 2, 2, 
2, 2, 2, 2, 0, 1, 2, 2, 2, 1, 2, 2, 2, 2, 2, 2, 2, 2, 2, 2, 2, 2, 2, 2, 2, 
2, 2, 2, 2, 2, 2, 2, 2, 2, 1, 2, 2, 2, 1, 2, 2, 2, 2, 2, 2, 0, 1, 2, 2, 2, 
Layer [10] values
2, 2, 2, 2, 2, 2, 1, 2, 2, 2, 2, 2, 2, 2, 2, 2, 0, 2, 2, 2, 2, 1, 2, 2, 2, 
2, 2, 1, 2, 2, 2, 2, 2, 1, 2, 2, 1, 0, 2, 2, 2, 2, 1, 2, 1, 2, 1, 2, 2, 2, 
2, 1, 1, 2, 2, 2, 2, 2, 2, 2, 2, 2, 2, 2, 2, 0, 1, 2, 2, 2, 2, 2, 2, 1, 2, 
2, 2, 2, 2, 2, 2, 1, 0, 2, 2, 2, 2, 2, 2, 2, 2, 2, 2, 2, 0, 2, 0, 0, 0, 2, 
2, 2, 2, 2, 1, 1, 2, 2, 2, 2, 2, 2, 2, 2, 2, 2, 2, 2, 2, 2, 2, 2, 2, 2, 2, 
2, 2, 2, 2, 2, 2, 2, 2, 2, 2, 2, 2, 2, 2, 2, 2, 0, 2, 2, 2, 2, 2, 2, 2, 2, 
Layer [11] values
2, 2, 2, 2, 2, 2, 1, 2, 2, 2, 2, 2, 2, 2, 2, 2, 2, 2, 2, 2, 2, 0, 2, 2, 2, 
2, 0, 0, 2, 2, 2, 2, 2, 0, 0, 2, 1, 0, 2, 2, 2, 2, 2, 2, 2, 2, 2, 2, 2, 2, 
2, 1, 1, 0, 2, 2, 2, 2, 2, 2, 2, 2, 0, 2, 2, 1, 0, 2, 2, 2, 2, 2, 2, 0, 2, 
2, 2, 2, 2, 2, 2, 0, 1, 2, 2, 2, 2, 2, 2, 2, 2, 2, 2, 2, 2, 2, 2, 0, 0, 2, 
2, 2, 2, 2, 1, 1, 2, 2, 2, 1, 2, 2, 2, 2, 2, 2, 2, 2, 2, 2, 1, 2, 2, 2, 2, 
2, 2, 2, 2, 2, 2, 2, 2, 2, 0, 2, 2, 2, 0, 2, 2, 2, 2, 2, 2, 0, 1, 2, 2, 2, 
Layer [12] values
2, 2, 2, 2, 2, 2, 2, 2, 2, 2, 2, 2, 2, 2, 2, 2, 0, 2, 2, 2, 2, 1, 2, 2, 2, 
2, 0, 2, 2, 2, 2, 2, 2, 1, 1, 2, 1, 1, 0, 2, 2, 2, 0, 2, 1, 2, 2, 2, 2, 2, 
2, 1, 1, 1, 2, 2, 2, 2, 2, 2, 2, 2, 0, 2, 2, 1, 0, 2, 2, 0, 2, 2, 2, 0, 2, 
2, 2, 2, 2, 2, 2, 0, 0, 2, 2, 2, 2, 2, 2, 2, 2, 2, 2, 2, 2, 2, 2, 0, 1, 2, 
2, 2, 2, 2, 1, 2, 2, 2, 2, 0, 2, 2, 2, 2, 2, 2, 2, 2, 2, 2, 2, 2, 2, 2, 2, 
2, 2, 2, 2, 2, 2, 2, 2, 2, 0, 2, 2, 2, 0, 2, 2, 1, 2, 2, 2, 0, 1, 2, 2, 2, 
Layer [13] values
2, 2, 2, 2, 2, 2, 0, 2, 2, 2, 2, 2, 2, 2, 2, 2, 2, 2, 2, 2, 2, 0, 2, 2, 2, 
2, 1, 0, 2, 2, 2, 2, 2, 0, 0, 2, 2, 0, 0, 2, 2, 2, 1, 2, 2, 2, 0, 2, 2, 2, 
2, 0, 2, 1, 2, 2, 2, 2, 2, 2, 2, 2, 2, 2, 2, 1, 1, 2, 2, 0, 2, 2, 2, 2, 2, 
2, 2, 2, 2, 2, 2, 2, 2, 2, 2, 2, 1, 2, 2, 2, 2, 0, 2, 2, 0, 2, 0, 0, 1, 2, 
2, 2, 2, 2, 0, 0, 2, 2, 2, 0, 2, 2, 2, 2, 2, 2, 2, 2, 2, 2, 2, 2, 2, 2, 2, 
2, 2, 2, 2, 2, 2, 2, 2, 2, 2, 2, 2, 2, 0, 2, 2, 1, 2, 2, 2, 0, 1, 2, 2, 2, 
Layer [14] values
2, 2, 2, 2, 2, 2, 0, 2, 2, 2, 2, 2, 2, 2, 2, 2, 0, 2, 2, 2, 2, 1, 2, 2, 2, 
2, 0, 0, 2, 2, 2, 2, 2, 0, 2, 2, 0, 1, 1, 2, 2, 2, 1, 2, 1, 2, 0, 2, 2, 2, 
2, 0, 2, 1, 2, 2, 2, 2, 2, 2, 2, 2, 2, 2, 2, 2, 0, 2, 2, 2, 2, 2, 2, 2, 2, 
2, 2, 2, 2, 2, 2, 2, 1, 2, 2, 2, 1, 2, 2, 2, 2, 0, 2, 2, 0, 2, 1, 2, 1, 0, 
2, 2, 2, 2, 1, 0, 2, 2, 2, 1, 2, 2, 2, 2, 2, 2, 2, 2, 2, 2, 1, 2, 2, 2, 2, 
2, 2, 2, 2, 2, 2, 2, 2, 2, 0, 2, 2, 2, 1, 2, 2, 0, 2, 2, 2, 2, 0, 2, 2, 2, 
Layer [15] values
2, 2, 2, 2, 2, 2, 1, 2, 2, 2, 2, 2, 2, 2, 2, 2, 0, 2, 2, 2, 2, 0, 2, 0, 2, 
2, 2, 1, 2, 2, 2, 2, 2, 1, 2, 1, 2, 1, 1, 2, 2, 2, 2, 2, 0, 2, 0, 2, 2, 2, 
2, 0, 2, 1, 2, 2, 2, 2, 2, 2, 2, 2, 1, 2, 2, 1, 0, 2, 2, 2, 2, 2, 2, 1, 2, 
2, 2, 2, 2, 2, 2, 0, 0, 2, 2, 2, 1, 2, 2, 2, 2, 2, 2, 2, 1, 2, 0, 2, 0, 1, 
2, 2, 2, 2, 1, 2, 2, 2, 2, 2, 2, 2, 2, 2, 2, 2, 2, 2, 2, 2, 0, 2, 2, 2, 2, 
2, 2, 2, 2, 2, 2, 2, 2, 2, 1, 2, 2, 2, 2, 2, 2, 2, 2, 2, 2, 2, 2, 2, 2, 2, 
Layer [16] values
2, 2, 2, 2, 2, 2, 1, 2, 2, 2, 2, 2, 2, 2, 2, 2, 2, 2, 2, 2, 2, 0, 2, 0, 2, 
2, 0, 1, 2, 2, 2, 2, 2, 1, 0, 2, 1, 0, 2, 2, 2, 2, 1, 2, 2, 2, 0, 2, 2, 2, 
2, 0, 2, 1, 2, 2, 2, 2, 2, 2, 0, 2, 1, 2, 2, 2, 0, 2, 2, 2, 2, 2, 2, 1, 2, 
2, 2, 2, 2, 2, 2, 1, 0, 2, 2, 2, 1, 2, 2, 2, 2, 0, 2, 2, 1, 2, 2, 0, 2, 2, 
2, 2, 2, 2, 2, 2, 2, 2, 2, 0, 2, 2, 2, 2, 2, 2, 2, 2, 2, 2, 2, 2, 2, 2, 2, 
2, 2, 2, 2, 2, 2, 2, 2, 2, 0, 2, 2, 2, 1, 2, 2, 2, 2, 2, 2, 2, 0, 2, 2, 2, 
Layer [17] values
2, 2, 2, 0, 2, 2, 2, 2, 2, 2, 2, 2, 2, 2, 2, 2, 1, 2, 2, 2, 2, 0, 2, 0, 2, 
2, 1, 1, 2, 2, 2, 2, 2, 1, 1, 0, 2, 0, 0, 2, 2, 2, 1, 2, 1, 2, 2, 2, 2, 2, 
2, 0, 2, 2, 2, 2, 2, 2, 2, 2, 0, 2, 1, 2, 2, 2, 1, 2, 2, 2, 2, 2, 2, 1, 2, 
2, 2, 2, 2, 2, 2, 1, 0, 2, 2, 2, 0, 2, 2, 2, 2, 0, 2, 2, 1, 2, 0, 1, 2, 0, 
2, 2, 2, 2, 1, 2, 2, 2, 2, 2, 2, 2, 2, 2, 2, 2, 2, 2, 2, 2, 1, 2, 2, 2, 2, 
2, 2, 2, 2, 2, 2, 2, 2, 2, 0, 2, 2, 2, 1, 2, 2, 0, 2, 2, 2, 0, 0, 2, 2, 2, 
Layer [18] values
2, 2, 2, 0, 2, 2, 2, 2, 2, 2, 2, 2, 2, 2, 2, 2, 0, 2, 2, 2, 2, 0, 2, 2, 2, 
2, 0, 2, 2, 2, 2, 2, 2, 1, 0, 0, 0, 1, 0, 2, 2, 2, 1, 2, 1, 2, 2, 2, 2, 2, 
2, 0, 2, 2, 2, 2, 2, 2, 2, 2, 2, 2, 1, 2, 2, 1, 1, 2, 2, 0, 2, 2, 2, 0, 2, 
2, 2, 2, 2, 2, 2, 1, 1, 2, 2, 2, 0, 2, 2, 2, 2, 0, 2, 2, 1, 2, 1, 2, 0, 2, 
2, 2, 1, 2, 0, 1, 2, 2, 2, 1, 2, 2, 2, 2, 2, 2, 2, 2, 2, 2, 0, 2, 2, 2, 2, 
2, 2, 2, 2, 2, 2, 2, 2, 2, 0, 2, 2, 2, 2, 2, 2, 0, 2, 2, 2, 1, 2, 2, 2, 2, 
Layer [19] values
2, 2, 2, 0, 2, 2, 1, 2, 2, 2, 2, 2, 2, 2, 2, 2, 2, 2, 2, 2, 2, 2, 2, 2, 2, 
2, 0, 1, 2, 2, 2, 2, 2, 0, 2, 1, 2, 0, 1, 2, 2, 2, 2, 2, 1, 2, 0, 2, 2, 2, 
2, 2, 2, 1, 2, 2, 2, 2, 2, 2, 0, 2, 1, 2, 2, 1, 1, 2, 2, 0, 2, 2, 2, 2, 2, 
2, 2, 2, 2, 2, 2, 0, 0, 2, 2, 2, 2, 2, 2, 2, 2, 1, 2, 2, 2, 2, 2, 0, 2, 2, 
2, 2, 2, 2, 1, 0, 2, 2, 2, 2, 2, 2, 2, 2, 2, 2, 2, 2, 2, 2, 0, 2, 2, 2, 2, 
2, 2, 2, 2, 2, 2, 2, 2, 2, 1, 2, 2, 2, 1, 2, 2, 2, 2, 2, 2, 1, 0, 2, 2, 2, 
Layer [20] values
2, 2, 2, 0, 2, 2, 0, 2, 2, 2, 2, 2, 2, 2, 1, 2, 1, 2, 2, 2, 2, 2, 2, 2, 2, 
2, 0, 1, 2, 2, 2, 2, 2, 1, 0, 1, 2, 1, 1, 2, 2, 2, 2, 2, 1, 2, 2, 2, 2, 2, 
2, 0, 1, 0, 2, 2, 2, 2, 2, 2, 0, 2, 2, 2, 2, 2, 0, 2, 2, 0, 2, 2, 2, 1, 2, 
2, 2, 2, 2, 2, 2, 2, 2, 2, 2, 2, 0, 2, 2, 2, 2, 0, 2, 2, 1, 2, 1, 2, 2, 0, 
2, 2, 1, 2, 1, 0, 2, 2, 2, 0, 2, 2, 2, 2, 2, 2, 2, 2, 2, 2, 2, 2, 2, 2, 2, 
2, 2, 2, 2, 2, 2, 2, 2, 2, 2, 2, 2, 2, 0, 2, 2, 2, 2, 2, 2, 0, 2, 2, 2, 2, 
Layer [21] values
2, 2, 2, 2, 2, 2, 0, 2, 2, 2, 2, 2, 2, 2, 2, 2, 1, 2, 2, 2, 2, 2, 2, 0, 2, 
2, 1, 0, 2, 2, 2, 2, 2, 2, 2, 2, 2, 0, 2, 2, 2, 2, 2, 2, 0, 2, 1, 2, 2, 2, 
2, 0, 2, 1, 2, 2, 2, 2, 2, 2, 1, 2, 1, 2, 2, 1, 1, 2, 2, 2, 2, 2, 2, 0, 2, 
2, 2, 2, 2, 2, 2, 0, 0, 2, 2, 2, 2, 2, 0, 2, 2, 1, 2, 2, 2, 2, 0, 1, 0, 0, 
2, 2, 2, 2, 0, 1, 2, 2, 2, 1, 2, 2, 2, 2, 2, 2, 2, 2, 2, 2, 2, 2, 2, 2, 2, 
2, 2, 2, 2, 2, 2, 2, 2, 2, 2, 2, 2, 2, 2, 2, 2, 1, 2, 2, 2, 2, 0, 2, 2, 2, 
Layer [22] values
2, 2, 2, 2, 2, 2, 1, 2, 2, 2, 2, 2, 2, 2, 1, 2, 2, 2, 2, 2, 2, 0, 2, 1, 2, 
2, 2, 0, 2, 2, 2, 2, 2, 0, 0, 2, 2, 1, 1, 2, 2, 2, 1, 2, 2, 2, 2, 2, 2, 2, 
2, 2, 2, 0, 2, 2, 2, 2, 2, 2, 0, 2, 2, 2, 2, 2, 0, 2, 2, 2, 2, 2, 2, 0, 2, 
2, 2, 1, 2, 2, 2, 1, 2, 2, 2, 2, 1, 2, 0, 2, 2, 1, 2, 2, 0, 2, 0, 0, 0, 0, 
2, 2, 0, 2, 1, 2, 2, 2, 2, 1, 2, 2, 2, 2, 2, 2, 2, 2, 2, 2, 1, 2, 2, 2, 2, 
2, 2, 2, 2, 2, 2, 2, 2, 2, 1, 2, 2, 2, 1, 2, 2, 2, 2, 2, 2, 2, 0, 2, 2, 2, 
Layer [23] values
2, 2, 2, 0, 2, 2, 2, 2, 2, 2, 2, 2, 2, 2, 0, 2, 2, 2, 2, 2, 2, 2, 2, 1, 2, 
2, 2, 1, 2, 2, 2, 2, 2, 0, 1, 1, 2, 1, 1, 2, 2, 2, 1, 2, 0, 2, 2, 2, 2, 2, 
2, 2, 1, 1, 2, 2, 2, 2, 2, 2, 1, 2, 1, 2, 2, 0, 2, 2, 2, 1, 2, 2, 2, 1, 2, 
2, 2, 0, 2, 2, 2, 1, 1, 2, 2, 2, 2, 2, 1, 2, 2, 1, 2, 2, 0, 2, 0, 2, 0, 1, 
2, 2, 2, 2, 1, 2, 2, 2, 2, 0, 2, 2, 2, 2, 2, 2, 2, 2, 2, 2, 2, 2, 2, 2, 2, 
2, 2, 2, 2, 2, 2, 2, 2, 2, 0, 2, 2, 2, 2, 2, 2, 0, 2, 2, 2, 0, 0, 2, 2, 2, 
Layer [24] values
2, 2, 2, 2, 2, 2, 1, 2, 2, 2, 2, 2, 2, 2, 1, 2, 1, 2, 2, 2, 2, 1, 2, 2, 2, 
2, 1, 2, 2, 2, 2, 2, 2, 1, 1, 1, 2, 2, 2, 2, 2, 2, 1, 2, 0, 2, 2, 2, 2, 2, 
2, 1, 1, 0, 2, 2, 2, 2, 2, 2, 0, 2, 1, 2, 2, 1, 0, 2, 2, 1, 2, 2, 2, 0, 2, 
2, 2, 2, 2, 2, 2, 2, 1, 2, 2, 2, 0, 2, 0, 2, 2, 2, 2, 2, 2, 2, 0, 2, 0, 0, 
2, 2, 1, 2, 2, 1, 2, 2, 2, 2, 2, 2, 2, 2, 2, 2, 2, 2, 2, 2, 2, 2, 2, 2, 2, 
2, 2, 2, 2, 2, 2, 2, 2, 2, 2, 2, 2, 2, 2, 2, 2, 0, 2, 2, 2, 0, 2, 2, 2, 2, 
Layer [25] values
2, 2, 2, 2, 2, 2, 0, 2, 2, 2, 2, 2, 2, 2, 2, 2, 1, 2, 2, 2, 2, 1, 2, 0, 2, 
2, 1, 2, 2, 2, 2, 2, 2, 2, 1, 0, 0, 2, 1, 2, 2, 2, 0, 2, 2, 2, 2, 2, 2, 2, 
2, 1, 0, 2, 2, 2, 2, 2, 2, 2, 0, 2, 0, 2, 2, 0, 0, 2, 2, 1, 2, 2, 2, 0, 2, 
2, 2, 2, 2, 2, 2, 1, 0, 2, 2, 2, 2, 2, 0, 2, 2, 2, 2, 2, 0, 2, 0, 2, 1, 0, 
2, 2, 0, 2, 1, 0, 2, 2, 2, 2, 2, 2, 2, 2, 2, 2, 2, 2, 2, 2, 2, 2, 2, 2, 2, 
2, 2, 2, 2, 2, 2, 2, 2, 2, 1, 2, 2, 2, 2, 2, 2, 2, 2, 2, 2, 2, 2, 2, 2, 2, 
Layer [26] values
2, 2, 2, 0, 2, 2, 1, 2, 2, 2, 2, 2, 2, 2, 1, 2, 2, 2, 2, 2, 2, 1, 2, 2, 2, 
2, 0, 2, 2, 2, 2, 2, 2, 2, 2, 2, 1, 0, 1, 2, 2, 2, 0, 2, 2, 2, 2, 2, 2, 2, 
2, 1, 1, 0, 2, 2, 2, 2, 2, 2, 0, 2, 2, 2, 2, 0, 0, 2, 2, 0, 2, 2, 2, 0, 2, 
2, 2, 2, 2, 2, 2, 0, 0, 2, 2, 2, 0, 2, 2, 2, 2, 2, 2, 2, 0, 2, 0, 2, 0, 2, 
2, 2, 0, 2, 2, 1, 2, 2, 2, 1, 2, 2, 2, 2, 2, 2, 2, 2, 2, 2, 0, 2, 2, 2, 2, 
2, 2, 2, 2, 2, 2, 2, 2, 2, 0, 2, 2, 2, 1, 2, 2, 0, 2, 2, 2, 2, 1, 2, 2, 2, 
Layer [27] values
2, 2, 2, 2, 2, 2, 0, 2, 2, 2, 2, 2, 2, 2, 0, 2, 2, 2, 2, 2, 2, 2, 2, 2, 2, 
2, 2, 1, 2, 2, 2, 2, 2, 2, 2, 2, 0, 2, 0, 2, 2, 2, 0, 2, 2, 2, 0, 2, 2, 2, 
2, 1, 2, 1, 2, 2, 2, 2, 2, 2, 0, 2, 1, 2, 2, 1, 1, 2, 2, 2, 2, 2, 2, 2, 2, 
2, 2, 2, 2, 2, 2, 0, 2, 2, 2, 2, 1, 2, 2, 2, 2, 0, 2, 2, 1, 2, 2, 1, 1, 1, 
2, 2, 2, 2, 0, 2, 2, 2, 2, 0, 2, 2, 2, 2, 2, 2, 2, 2, 2, 2, 0, 2, 2, 2, 2, 
2, 2, 2, 2, 2, 2, 2, 2, 2, 1, 2, 2, 2, 0, 2, 2, 2, 2, 2, 2, 1, 0, 2, 2, 2, 
Layer [28] values
2, 2, 2, 0, 2, 2, 1, 2, 2, 2, 2, 2, 2, 2, 1, 2, 2, 2, 2, 2, 2, 0, 2, 0, 2, 
2, 2, 2, 2, 2, 2, 2, 2, 2, 2, 2, 2, 1, 0, 2, 2, 2, 0, 2, 1, 2, 1, 2, 2, 2, 
2, 2, 2, 0, 2, 2, 2, 0, 2, 2, 1, 2, 1, 2, 2, 1, 2, 2, 2, 0, 2, 2, 2, 1, 2, 
2, 2, 0, 2, 2, 2, 2, 0, 2, 2, 2, 0, 2, 0, 0, 2, 0, 2, 2, 1, 2, 0, 1, 1, 0, 
2, 2, 2, 2, 2, 1, 2, 2, 2, 0, 2, 2, 2, 2, 2, 2, 2, 2, 2, 2, 0, 2, 2, 2, 2, 
2, 2, 2, 2, 2, 2, 2, 2, 2, 1, 2, 2, 2, 1, 2, 2, 0, 2, 2, 2, 2, 1, 2, 2, 2, 
Layer [29] values
2, 2, 2, 2, 2, 2, 2, 2, 2, 2, 2, 2, 2, 2, 2, 2, 1, 2, 2, 2, 1, 0, 2, 2, 2, 
2, 0, 1, 2, 2, 2, 2, 2, 1, 0, 1, 0, 0, 2, 2, 2, 2, 0, 2, 1, 2, 1, 2, 2, 2, 
2, 0, 2, 2, 2, 2, 2, 1, 2, 2, 2, 2, 1, 2, 2, 2, 1, 2, 2, 2, 2, 2, 2, 1, 2, 
2, 2, 1, 2, 2, 2, 0, 1, 2, 2, 2, 2, 2, 2, 0, 2, 2, 2, 2, 0, 2, 0, 1, 1, 0, 
2, 2, 0, 2, 0, 2, 2, 2, 2, 2, 2, 2, 2, 2, 2, 2, 2, 2, 2, 2, 1, 2, 2, 2, 0, 
2, 2, 2, 2, 2, 2, 2, 2, 2, 2, 2, 2, 2, 1, 2, 2, 1, 2, 2, 2, 0, 1, 2, 2, 2, 
Layer [30] values
2, 2, 2, 2, 2, 2, 0, 2, 2, 2, 2, 2, 2, 2, 2, 2, 1, 2, 2, 2, 2, 2, 2, 0, 2, 
2, 1, 2, 2, 2, 2, 2, 2, 2, 2, 2, 2, 2, 1, 2, 2, 2, 0, 2, 2, 2, 2, 2, 2, 2, 
2, 1, 1, 1, 2, 2, 2, 2, 2, 2, 2, 2, 1, 2, 2, 0, 2, 2, 2, 1, 2, 2, 2, 2, 2, 
2, 2, 1, 2, 2, 2, 0, 1, 2, 2, 2, 0, 2, 2, 2, 2, 0, 2, 2, 1, 2, 2, 1, 0, 1, 
2, 2, 0, 2, 2, 2, 2, 2, 2, 0, 2, 2, 2, 2, 2, 2, 2, 2, 2, 2, 0, 2, 2, 2, 1, 
2, 2, 2, 2, 2, 2, 2, 2, 2, 0, 2, 2, 2, 0, 0, 2, 2, 2, 2, 2, 1, 0, 2, 2, 2, 
Layer [31] values
2, 2, 2, 2, 2, 2, 2, 2, 2, 2, 2, 2, 2, 2, 1, 2, 1, 2, 2, 2, 1, 0, 2, 1, 2, 
2, 1, 0, 2, 2, 2, 2, 2, 1, 0, 1, 2, 2, 0, 1, 2, 2, 1, 2, 0, 2, 2, 2, 2, 2, 
2, 0, 0, 2, 2, 2, 2, 0, 2, 2, 2, 2, 0, 2, 2, 2, 2, 2, 2, 1, 2, 2, 2, 1, 2, 
2, 2, 0, 2, 2, 2, 1, 2, 2, 2, 2, 2, 2, 0, 0, 2, 0, 2, 2, 1, 2, 0, 0, 0, 1, 
2, 2, 0, 2, 1, 1, 2, 2, 2, 0, 2, 2, 2, 2, 2, 2, 2, 2, 2, 2, 2, 2, 2, 2, 1, 
2, 2, 2, 2, 2, 2, 2, 2, 2, 2, 2, 2, 1, 0, 2, 2, 0, 2, 2, 2, 2, 2, 2, 2, 2, 
Layer [32] values
2, 2, 2, 2, 2, 2, 1, 2, 2, 2, 2, 2, 2, 2, 2, 2, 1, 2, 2, 2, 2, 2, 1, 1, 2, 
2, 2, 0, 2, 2, 2, 2, 2, 0, 2, 2, 2, 1, 0, 1, 2, 2, 1, 2, 0, 2, 1, 2, 2, 2, 
2, 1, 1, 0, 2, 2, 2, 2, 2, 2, 0, 2, 1, 2, 2, 2, 2, 2, 2, 2, 2, 2, 2, 1, 2, 
2, 2, 1, 2, 2, 2, 1, 2, 2, 2, 2, 1, 2, 0, 0, 2, 2, 2, 2, 1, 2, 1, 2, 1, 2, 
2, 2, 0, 2, 1, 1, 2, 2, 2, 1, 2, 2, 2, 2, 2, 2, 2, 2, 2, 2, 0, 2, 2, 2, 1, 
2, 2, 2, 2, 2, 2, 2, 2, 2, 2, 2, 2, 2, 2, 0, 2, 2, 2, 2, 2, 0, 2, 2, 2, 2, 
Layer [33] values
2, 2, 2, 1, 2, 2, 2, 2, 2, 2, 2, 2, 2, 2, 2, 2, 2, 2, 2, 2, 2, 1, 0, 1, 2, 
2, 0, 1, 2, 2, 2, 2, 2, 2, 2, 1, 2, 0, 2, 1, 2, 2, 1, 2, 1, 2, 0, 2, 2, 2, 
2, 1, 2, 2, 2, 2, 2, 2, 2, 2, 1, 2, 1, 2, 2, 2, 1, 2, 2, 0, 2, 2, 2, 1, 2, 
2, 2, 0, 2, 2, 2, 2, 2, 2, 2, 2, 1, 2, 2, 2, 2, 0, 2, 2, 2, 2, 1, 1, 2, 0, 
2, 2, 2, 2, 0, 0, 2, 2, 2, 0, 2, 2, 1, 2, 2, 2, 2, 2, 2, 2, 1, 2, 2, 2, 2, 
2, 2, 2, 2, 2, 2, 2, 2, 2, 2, 2, 2, 2, 1, 1, 2, 1, 2, 2, 2, 1, 0, 2, 2, 2, 
Layer [34] values
2, 2, 2, 2, 2, 2, 1, 2, 2, 2, 2, 2, 2, 2, 1, 2, 2, 2, 2, 2, 0, 1, 1, 2, 2, 
2, 0, 1, 2, 2, 2, 2, 0, 2, 1, 2, 0, 2, 2, 2, 2, 2, 2, 2, 1, 2, 2, 2, 2, 2, 
2, 0, 0, 2, 2, 2, 2, 2, 2, 2, 0, 2, 2, 2, 0, 2, 1, 2, 2, 2, 2, 2, 2, 0, 2, 
2, 2, 0, 2, 2, 2, 2, 1, 2, 2, 2, 2, 2, 2, 2, 2, 0, 2, 2, 1, 2, 0, 2, 1, 2, 
2, 2, 1, 2, 2, 0, 2, 2, 2, 0, 2, 2, 1, 2, 2, 2, 2, 2, 2, 2, 0, 2, 2, 2, 1, 
2, 2, 2, 2, 2, 2, 2, 2, 2, 1, 2, 2, 1, 2, 2, 2, 1, 2, 2, 2, 0, 0, 2, 2, 2, 
Layer [35] values
2, 2, 2, 1, 2, 2, 1, 2, 2, 2, 2, 2, 2, 2, 1, 2, 0, 2, 2, 2, 0, 1, 0, 0, 2, 
2, 1, 0, 2, 2, 2, 2, 0, 0, 1, 2, 2, 2, 1, 2, 2, 2, 1, 2, 2, 2, 2, 2, 2, 2, 
2, 0, 2, 1, 2, 2, 2, 1, 2, 2, 0, 2, 1, 2, 0, 2, 2, 2, 2, 1, 2, 2, 2, 2, 2, 
2, 2, 1, 2, 2, 2, 1, 1, 2, 2, 2, 1, 2, 1, 0, 2, 0, 2, 2, 2, 2, 0, 1, 0, 2, 
2, 2, 1, 2, 2, 2, 2, 2, 2, 0, 2, 2, 1, 2, 2, 2, 2, 2, 2, 2, 1, 2, 2, 2, 1, 
2, 2, 2, 2, 2, 2, 2, 2, 2, 2, 2, 2, 2, 0, 1, 2, 2, 2, 2, 2, 0, 2, 2, 2, 2, 
Layer [36] values
2, 2, 2, 0, 2, 2, 0, 2, 2, 2, 2, 2, 2, 2, 1, 2, 2, 2, 2, 2, 1, 0, 1, 2, 2, 
2, 2, 1, 2, 2, 2, 2, 1, 1, 0, 1, 2, 2, 0, 1, 2, 2, 1, 2, 0, 2, 0, 2, 2, 2, 
2, 2, 1, 1, 2, 2, 2, 1, 2, 2, 2, 2, 1, 2, 1, 0, 0, 2, 2, 1, 2, 2, 2, 2, 2, 
2, 2, 0, 2, 2, 2, 0, 1, 2, 2, 2, 1, 2, 1, 2, 2, 0, 2, 2, 2, 2, 2, 1, 2, 2, 
2, 2, 1, 2, 1, 2, 2, 2, 2, 1, 2, 2, 0, 2, 2, 2, 2, 2, 2, 2, 2, 2, 2, 2, 2, 
2, 2, 2, 2, 2, 2, 2, 2, 2, 0, 2, 2, 0, 1, 1, 2, 2, 2, 2, 2, 2, 0, 0, 2, 2, 
Layer [37] values
2, 2, 2, 2, 2, 2, 2, 2, 2, 2, 2, 2, 2, 2, 0, 2, 2, 2, 2, 2, 0, 1, 0, 2, 2, 
2, 2, 0, 2, 2, 2, 2, 0, 1, 1, 2, 0, 1, 0, 0, 2, 2, 2, 2, 0, 2, 1, 2, 2, 2, 
2, 0, 2, 1, 2, 2, 2, 1, 2, 2, 1, 2, 2, 1, 2, 0, 1, 2, 2, 1, 2, 2, 2, 1, 2, 
2, 2, 1, 2, 2, 2, 1, 1, 2, 2, 2, 2, 2, 1, 0, 2, 0, 2, 2, 0, 2, 2, 2, 2, 2, 
2, 2, 2, 2, 0, 2, 2, 2, 2, 1, 2, 2, 2, 2, 2, 2, 2, 2, 2, 2, 1, 2, 2, 2, 1, 
2, 2, 2, 2, 2, 2, 2, 2, 2, 2, 2, 2, 0, 2, 0, 2, 2, 2, 2, 2, 1, 0, 2, 2, 2, 
Layer [38] values
2, 2, 2, 0, 2, 2, 0, 2, 2, 2, 2, 2, 2, 2, 1, 2, 0, 2, 2, 2, 0, 1, 1, 0, 2, 
2, 0, 0, 2, 2, 2, 2, 0, 0, 0, 2, 0, 0, 1, 0, 2, 2, 2, 2, 0, 2, 1, 2, 1, 2, 
2, 0, 2, 0, 2, 2, 2, 0, 2, 2, 1, 2, 0, 2, 0, 2, 0, 2, 2, 2, 2, 2, 2, 1, 2, 
2, 2, 1, 2, 2, 2, 2, 0, 2, 2, 2, 0, 2, 0, 2, 2, 1, 2, 2, 0, 2, 0, 2, 1, 0, 
2, 2, 2, 2, 1, 0, 2, 2, 2, 1, 2, 2, 1, 2, 2, 2, 2, 2, 2, 2, 2, 2, 2, 2, 0, 
2, 2, 2, 2, 2, 2, 2, 2, 2, 1, 2, 2, 0, 2, 0, 2, 0, 2, 2, 2, 2, 0, 0, 1, 2, 
Layer [39] values
2, 2, 2, 1, 2, 2, 1, 2, 2, 2, 2, 2, 2, 0, 1, 2, 1, 2, 2, 2, 1, 0, 2, 0, 2, 
2, 1, 2, 2, 2, 2, 2, 2, 0, 2, 0, 2, 0, 0, 2, 2, 2, 0, 2, 0, 2, 2, 2, 1, 2, 
2, 2, 0, 1, 2, 2, 2, 2, 2, 2, 1, 2, 2, 0, 0, 0, 1, 2, 2, 2, 2, 2, 2, 0, 2, 
2, 2, 1, 2, 2, 2, 2, 1, 2, 2, 2, 2, 2, 0, 1, 2, 2, 2, 2, 0, 2, 2, 0, 1, 0, 
2, 2, 1, 2, 1, 1, 2, 2, 2, 0, 2, 2, 0, 2, 2, 2, 2, 2, 2, 2, 2, 2, 2, 2, 2, 
2, 2, 2, 2, 2, 2, 2, 2, 2, 0, 2, 2, 0, 0, 0, 2, 0, 2, 2, 2, 2, 2, 2, 2, 2, 
Layer [40] values
2, 2, 2, 0, 2, 2, 1, 2, 2, 2, 2, 2, 2, 1, 1, 2, 1, 2, 2, 2, 0, 2, 0, 1, 2, 
2, 2, 0, 2, 2, 2, 2, 2, 0, 1, 2, 1, 1, 0, 0, 2, 2, 2, 2, 0, 2, 1, 2, 2, 2, 
2, 2, 2, 2, 2, 2, 2, 0, 2, 2, 1, 2, 1, 1, 0, 1, 2, 2, 2, 0, 2, 2, 2, 1, 2, 
2, 2, 2, 2, 2, 2, 1, 0, 2, 2, 2, 0, 2, 1, 0, 2, 0, 2, 2, 2, 2, 1, 2, 1, 0, 
2, 2, 0, 2, 2, 0, 2, 2, 2, 1, 2, 2, 0, 2, 2, 2, 2, 2, 2, 2, 0, 2, 2, 2, 1, 
2, 2, 2, 2, 2, 2, 2, 2, 2, 0, 2, 2, 0, 2, 2, 2, 1, 2, 2, 2, 0, 2, 2, 0, 2, 
Layer [41] values
2, 2, 2, 1, 2, 2, 0, 2, 2, 2, 2, 2, 2, 1, 1, 2, 0, 2, 2, 2, 0, 1, 0, 2, 2, 
2, 2, 0, 2, 2, 2, 2, 0, 0, 2, 1, 1, 0, 0, 1, 2, 2, 1, 2, 1, 2, 2, 2, 0, 2, 
2, 2, 1, 0, 2, 2, 2, 1, 2, 2, 2, 2, 1, 1, 1, 2, 1, 2, 2, 0, 2, 2, 2, 0, 2, 
2, 2, 1, 2, 2, 2, 0, 1, 2, 2, 2, 0, 2, 1, 2, 2, 1, 2, 2, 2, 2, 2, 0, 2, 1, 
2, 2, 2, 2, 1, 2, 2, 2, 2, 1, 2, 2, 2, 2, 2, 2, 2, 2, 2, 2, 1, 2, 2, 2, 1, 
2, 2, 2, 2, 2, 2, 2, 2, 2, 0, 2, 0, 0, 1, 1, 2, 2, 2, 2, 2, 0, 2, 1, 2, 2, 
Layer [42] values
2, 2, 2, 0, 2, 2, 2, 2, 2, 2, 2, 2, 2, 2, 2, 2, 2, 2, 2, 2, 2, 1, 2, 0, 2, 
2, 2, 0, 2, 2, 2, 2, 0, 1, 1, 2, 0, 0, 0, 0, 2, 2, 0, 2, 0, 2, 2, 2, 0, 2, 
2, 0, 2, 1, 2, 2, 2, 0, 2, 2, 2, 2, 0, 1, 2, 1, 2, 2, 2, 2, 2, 2, 2, 1, 2, 
2, 2, 2, 2, 2, 2, 0, 2, 2, 2, 2, 0, 2, 2, 1, 2, 0, 2, 2, 1, 2, 2, 2, 2, 1, 
2, 2, 2, 2, 2, 0, 2, 2, 2, 2, 0, 2, 0, 2, 2, 2, 2, 2, 2, 2, 0, 2, 2, 2, 2, 
2, 2, 2, 2, 2, 2, 2, 2, 2, 2, 2, 1, 0, 1, 1, 2, 0, 2, 2, 2, 2, 2, 2, 0, 2, 
Layer [43] values
2, 2, 1, 1, 2, 2, 1, 2, 2, 2, 2, 2, 2, 0, 0, 2, 0, 2, 2, 2, 2, 1, 2, 1, 2, 
2, 2, 1, 2, 2, 2, 2, 0, 1, 0, 1, 1, 0, 0, 0, 2, 2, 0, 2, 1, 2, 1, 2, 2, 2, 
2, 2, 0, 0, 0, 2, 2, 1, 2, 2, 1, 2, 0, 1, 1, 0, 0, 2, 2, 2, 2, 2, 2, 2, 2, 
2, 2, 2, 2, 2, 2, 1, 1, 2, 2, 2, 0, 2, 2, 2, 2, 1, 2, 2, 2, 2, 1, 1, 1, 2, 
2, 2, 2, 2, 1, 1, 2, 2, 2, 0, 1, 2, 0, 2, 2, 2, 2, 2, 2, 2, 0, 2, 2, 2, 2, 
2, 2, 2, 2, 2, 2, 2, 2, 2, 2, 2, 1, 0, 2, 1, 2, 2, 2, 2, 2, 0, 2, 0, 1, 2, 
Layer [44] values
2, 2, 1, 0, 2, 2, 2, 2, 2, 2, 2, 2, 2, 1, 0, 2, 1, 2, 2, 2, 0, 1, 1, 2, 2, 
2, 1, 2, 2, 2, 2, 2, 1, 0, 2, 0, 2, 0, 2, 2, 1, 2, 1, 2, 0, 2, 0, 2, 0, 2, 
2, 2, 2, 0, 1, 2, 2, 0, 2, 2, 0, 2, 0, 1, 1, 1, 0, 2, 2, 2, 2, 2, 2, 2, 2, 
2, 2, 1, 2, 2, 2, 0, 1, 2, 2, 2, 1, 2, 0, 0, 2, 1, 2, 2, 2, 2, 2, 2, 1, 0, 
2, 2, 2, 2, 0, 0, 2, 2, 2, 0, 1, 2, 1, 2, 2, 2, 2, 2, 2, 2, 0, 2, 2, 2, 1, 
2, 2, 2, 2, 2, 2, 2, 2, 2, 1, 2, 2, 0, 2, 1, 2, 2, 2, 2, 2, 0, 1, 1, 2, 2, 
Layer [45] values
2, 2, 1, 0, 2, 2, 2, 2, 2, 2, 2, 2, 2, 1, 2, 2, 1, 2, 2, 2, 2, 1, 1, 0, 2, 
2, 0, 1, 2, 2, 2, 2, 0, 0, 2, 2, 1, 2, 2, 0, 0, 2, 2, 2, 0, 2, 1, 2, 2, 2, 
2, 1, 0, 2, 2, 2, 2, 1, 2, 2, 1, 2, 0, 0, 0, 0, 0, 2, 2, 2, 2, 2, 2, 2, 2, 
2, 2, 1, 2, 2, 2, 0, 0, 2, 2, 2, 0, 2, 2, 0, 2, 1, 2, 2, 0, 2, 0, 0, 1, 2, 
2, 2, 2, 2, 0, 0, 2, 2, 2, 2, 2, 2, 2, 2, 2, 2, 2, 2, 2, 0, 2, 2, 2, 0, 1, 
2, 2, 2, 2, 2, 2, 2, 2, 2, 0, 2, 2, 0, 2, 2, 2, 1, 2, 2, 2, 1, 0, 0, 2, 2, 
Layer [46] values
2, 2, 2, 0, 0, 2, 2, 2, 2, 2, 2, 2, 2, 1, 2, 2, 2, 2, 2, 2, 2, 0, 0, 1, 2, 
2, 1, 1, 2, 2, 2, 2, 2, 0, 0, 1, 2, 0, 1, 1, 2, 2, 2, 2, 1, 2, 1, 2, 2, 2, 
2, 1, 2, 1, 2, 2, 2, 2, 2, 2, 2, 2, 1, 0, 2, 0, 2, 2, 2, 2, 2, 2, 2, 0, 2, 
2, 2, 0, 2, 2, 2, 2, 2, 2, 2, 2, 2, 2, 1, 0, 2, 1, 2, 2, 2, 2, 0, 1, 2, 0, 
2, 2, 1, 2, 2, 0, 2, 2, 2, 1, 1, 2, 1, 2, 2, 2, 2, 2, 2, 0, 2, 2, 1, 2, 0, 
2, 2, 2, 2, 2, 2, 2, 2, 2, 0, 2, 1, 2, 0, 0, 2, 1, 2, 2, 2, 0, 2, 2, 2, 2, 
Layer [47] values
2, 2, 2, 1, 2, 2, 2, 2, 2, 2, 2, 2, 2, 2, 2, 2, 1, 2, 2, 2, 0, 0, 2, 1, 2, 
2, 0, 1, 2, 2, 2, 2, 2, 1, 0, 1, 2, 2, 0, 1, 0, 2, 1, 2, 0, 2, 0, 2, 2, 2, 
2, 1, 2, 0, 2, 2, 2, 0, 2, 2, 1, 2, 0, 1, 1, 1, 0, 2, 2, 2, 2, 2, 2, 2, 2, 
2, 2, 0, 2, 2, 2, 1, 2, 2, 2, 2, 1, 2, 2, 0, 2, 2, 2, 2, 0, 2, 1, 0, 1, 1, 
2, 2, 2, 2, 2, 2, 2, 2, 2, 1, 1, 2, 0, 2, 2, 2, 2, 2, 2, 0, 0, 2, 0, 0, 0, 
2, 2, 2, 2, 2, 2, 2, 2, 2, 1, 2, 0, 1, 2, 1, 2, 2, 2, 2, 2, 1, 2, 0, 0, 2, 
Layer [48] values
2, 2, 2, 1, 0, 2, 2, 2, 2, 2, 2, 2, 2, 2, 2, 2, 2, 2, 2, 2, 0, 0, 1, 1, 2, 
2, 2, 0, 2, 2, 2, 0, 1, 0, 2, 2, 1, 2, 1, 2, 2, 2, 1, 2, 0, 2, 1, 2, 2, 2, 
2, 0, 2, 2, 0, 2, 2, 0, 2, 2, 2, 2, 1, 1, 0, 1, 0, 2, 2, 2, 2, 2, 2, 1, 2, 
2, 2, 1, 2, 0, 2, 2, 2, 2, 2, 2, 0, 2, 2, 1, 2, 2, 2, 2, 0, 2, 1, 0, 2, 1, 
2, 2, 0, 2, 2, 0, 2, 2, 2, 2, 1, 2, 0, 2, 2, 2, 2, 2, 2, 2, 0, 2, 0, 2, 0, 
2, 2, 2, 2, 2, 2, 2, 2, 2, 0, 2, 1, 0, 1, 0, 2, 2, 2, 2, 2, 0, 0, 2, 1, 2, 
Layer [49] values
2, 2, 0, 1, 1, 2, 0, 2, 2, 2, 2, 2, 2, 2, 1, 2, 1, 2, 2, 2, 1, 0, 0, 0, 2, 
2, 0, 1, 2, 2, 2, 0, 1, 2, 2, 0, 0, 2, 2, 2, 1, 2, 1, 2, 0, 2, 1, 0, 0, 2, 
2, 0, 0, 2, 2, 2, 2, 0, 2, 2, 2, 2, 2, 0, 2, 0, 1, 2, 2, 2, 2, 2, 2, 0, 2, 
2, 2, 0, 2, 1, 2, 0, 1, 2, 2, 2, 1, 2, 1, 2, 2, 0, 2, 2, 1, 2, 2, 2, 0, 2, 
2, 2, 2, 2, 0, 0, 2, 2, 1, 0, 2, 2, 0, 2, 2, 2, 2, 2, 2, 2, 0, 2, 1, 2, 0, 
2, 2, 2, 2, 2, 2, 2, 2, 2, 2, 2, 1, 1, 0, 0, 2, 2, 2, 2, 2, 2, 2, 0, 0, 2, 
Layer [50] values
2, 2, 1, 0, 0, 2, 1, 2, 2, 2, 2, 2, 2, 1, 0, 2, 2, 2, 2, 2, 1, 2, 2, 1, 2, 
2, 2, 2, 2, 2, 2, 1, 0, 0, 2, 1, 1, 0, 0, 0, 0, 2, 0, 2, 2, 2, 1, 2, 2, 2, 
2, 0, 1, 2, 0, 2, 2, 1, 2, 2, 2, 2, 1, 0, 0, 0, 0, 2, 2, 0, 1, 2, 2, 2, 2, 
2, 2, 2, 2, 2, 2, 2, 0, 2, 2, 2, 1, 2, 2, 0, 2, 1, 2, 2, 1, 2, 1, 1, 2, 2, 
2, 2, 2, 2, 1, 2, 2, 2, 1, 0, 2, 2, 1, 2, 2, 2, 2, 2, 2, 1, 0, 2, 2, 1, 2, 
2, 2, 2, 2, 2, 2, 2, 2, 2, 0, 2, 0, 2, 2, 2, 2, 2, 2, 2, 2, 1, 0, 2, 2, 2, 
Layer [51] values
2, 2, 2, 2, 1, 2, 2, 2, 2, 0, 2, 2, 2, 0, 2, 2, 1, 2, 2, 2, 0, 0, 1, 2, 2, 
2, 2, 0, 2, 2, 2, 0, 2, 0, 1, 1, 1, 0, 0, 2, 2, 2, 2, 2, 0, 2, 1, 0, 2, 2, 
2, 2, 2, 1, 0, 2, 2, 0, 2, 2, 0, 2, 1, 0, 2, 1, 2, 2, 0, 1, 0, 2, 2, 1, 2, 
2, 2, 0, 2, 0, 2, 2, 0, 2, 2, 2, 2, 2, 2, 2, 2, 2, 2, 2, 1, 2, 0, 0, 2, 2, 
2, 2, 0, 2, 1, 2, 2, 2, 0, 0, 2, 2, 1, 2, 2, 2, 2, 2, 2, 1, 1, 2, 0, 0, 1, 
2, 2, 2, 2, 2, 2, 2, 2, 2, 1, 2, 0, 2, 1, 1, 2, 1, 2, 2, 2, 0, 0, 0, 1, 2, 
Layer [52] values
2, 2, 1, 0, 2, 2, 2, 2, 2, 0, 2, 2, 2, 1, 1, 2, 2, 2, 2, 2, 1, 1, 2, 0, 2, 
2, 0, 2, 2, 2, 2, 1, 2, 0, 1, 1, 2, 0, 0, 1, 1, 2, 2, 2, 1, 2, 0, 1, 2, 2, 
2, 2, 0, 0, 1, 2, 2, 1, 2, 2, 1, 2, 0, 0, 0, 1, 1, 2, 2, 1, 1, 2, 2, 1, 2, 
2, 2, 2, 2, 2, 2, 0, 1, 2, 2, 2, 0, 2, 1, 0, 2, 2, 2, 2, 1, 2, 1, 1, 1, 2, 
2, 2, 1, 0, 0, 1, 2, 2, 1, 0, 0, 2, 0, 2, 2, 2, 2, 2, 2, 2, 2, 2, 0, 2, 1, 
2, 2, 2, 2, 2, 2, 2, 2, 2, 0, 2, 2, 0, 0, 1, 2, 2, 2, 2, 2, 1, 2, 2, 2, 2, 
Layer [53] values
2, 2, 0, 1, 1, 2, 1, 2, 2, 2, 2, 2, 2, 1, 2, 1, 1, 2, 2, 2, 0, 2, 1, 0, 2, 
2, 2, 1, 2, 2, 2, 1, 0, 2, 1, 0, 1, 0, 0, 2, 2, 2, 0, 2, 0, 2, 0, 0, 0, 2, 
2, 2, 0, 1, 1, 2, 2, 2, 2, 2, 2, 2, 2, 1, 0, 1, 0, 2, 1, 1, 0, 2, 2, 0, 2, 
2, 2, 1, 2, 0, 2, 0, 1, 2, 2, 2, 0, 2, 1, 0, 2, 0, 2, 2, 2, 2, 0, 0, 2, 1, 
2, 2, 0, 1, 0, 1, 2, 2, 0, 0, 2, 2, 0, 2, 2, 2, 2, 2, 2, 1, 0, 2, 2, 2, 2, 
2, 2, 2, 2, 2, 0, 2, 2, 2, 0, 2, 2, 0, 0, 0, 2, 1, 2, 2, 2, 1, 2, 1, 1, 2, 
Layer [54] values
2, 2, 2, 0, 1, 2, 2, 2, 2, 2, 2, 2, 2, 1, 1, 1, 1, 2, 1, 2, 1, 0, 2, 1, 2, 
2, 1, 2, 2, 2, 2, 2, 1, 2, 2, 0, 0, 1, 1, 0, 1, 2, 0, 2, 1, 2, 0, 0, 2, 2, 
2, 1, 0, 1, 2, 2, 2, 2, 2, 2, 2, 2, 2, 1, 2, 0, 0, 2, 2, 1, 0, 2, 2, 2, 2, 
2, 2, 2, 2, 1, 2, 1, 2, 2, 2, 2, 2, 2, 2, 2, 2, 1, 2, 2, 0, 2, 0, 0, 0, 0, 
2, 2, 0, 0, 0, 2, 2, 2, 2, 1, 0, 2, 0, 2, 2, 2, 2, 2, 2, 1, 0, 2, 0, 1, 0, 
2, 2, 2, 2, 2, 1, 2, 2, 2, 2, 2, 2, 1, 2, 2, 2, 1, 2, 2, 2, 2, 0, 0, 0, 2, 
Layer [55] values
2, 2, 1, 0, 0, 2, 2, 2, 2, 1, 2, 2, 2, 1, 2, 1, 0, 2, 1, 2, 1, 2, 1, 1, 2, 
2, 0, 2, 2, 2, 2, 0, 1, 1, 0, 1, 0, 2, 0, 2, 1, 2, 0, 2, 2, 2, 2, 0, 0, 2, 
2, 0, 2, 2, 2, 2, 2, 2, 2, 2, 2, 2, 0, 1, 2, 1, 1, 2, 1, 0, 2, 2, 2, 1, 2, 
2, 2, 1, 2, 2, 2, 1, 0, 2, 2, 2, 2, 2, 1, 2, 2, 2, 2, 2, 2, 2, 2, 1, 2, 1, 
2, 2, 2, 0, 0, 0, 2, 2, 1, 1, 2, 2, 2, 2, 2, 2, 2, 2, 2, 1, 0, 2, 2, 1, 0, 
2, 2, 2, 2, 2, 1, 2, 2, 2, 0, 2, 0, 0, 2, 1, 2, 1, 2, 2, 2, 1, 1, 2, 2, 2, 
Layer [56] values
2, 2, 1, 2, 2, 2, 2, 2, 2, 0, 2, 2, 2, 1, 1, 2, 0, 2, 0, 2, 1, 0, 0, 0, 2, 
2, 0, 0, 2, 2, 2, 2, 2, 0, 1, 2, 1, 1, 0, 0, 2, 2, 1, 2, 0, 2, 1, 0, 1, 2, 
2, 0, 0, 2, 0, 2, 2, 0, 2, 2, 0, 2, 2, 2, 1, 2, 0, 2, 0, 1, 2, 2, 2, 1, 2, 
2, 2, 2, 2, 1, 2, 2, 2, 2, 2, 2, 2, 2, 2, 0, 2, 0, 2, 2, 0, 2, 2, 1, 2, 0, 
2, 2, 2, 0, 1, 0, 2, 2, 0, 2, 2, 2, 0, 2, 2, 2, 2, 2, 2, 1, 2, 2, 0, 0, 0, 
2, 2, 2, 2, 2, 2, 2, 2, 2, 0, 2, 0, 2, 0, 2, 2, 1, 2, 2, 2, 2, 2, 0, 1, 2, 
Layer [57] values
2, 2, 1, 1, 2, 2, 2, 2, 2, 2, 2, 2, 2, 1, 0, 1, 0, 2, 0, 2, 2, 1, 2, 1, 2, 
2, 2, 1, 2, 2, 2, 1, 1, 1, 2, 0, 2, 1, 1, 1, 1, 2, 2, 2, 1, 2, 2, 1, 0, 2, 
2, 2, 2, 2, 1, 2, 2, 0, 2, 2, 0, 2, 1, 2, 2, 2, 1, 2, 2, 2, 0, 2, 2, 2, 2, 
2, 2, 1, 2, 1, 2, 2, 0, 2, 2, 2, 0, 2, 2, 1, 2, 0, 2, 2, 1, 2, 2, 0, 2, 0, 
2, 2, 2, 1, 0, 0, 2, 2, 0, 2, 2, 2, 0, 2, 2, 2, 2, 2, 2, 0, 1, 2, 0, 2, 2, 
2, 2, 2, 2, 2, 1, 2, 2, 2, 1, 2, 1, 0, 1, 1, 2, 2, 0, 2, 2, 1, 1, 1, 0, 2, 
Layer [58] values
2, 2, 2, 0, 1, 2, 1, 2, 2, 2, 2, 2, 2, 0, 2, 1, 1, 2, 2, 2, 0, 0, 0, 1, 2, 
2, 0, 1, 2, 2, 2, 0, 0, 0, 0, 0, 0, 0, 2, 0, 0, 2, 0, 2, 1, 2, 2, 1, 0, 2, 
2, 2, 1, 0, 1, 2, 2, 1, 2, 2, 0, 2, 1, 1, 1, 2, 2, 2, 0, 0, 0, 2, 2, 2, 2, 
2, 2, 0, 2, 1, 2, 1, 2, 2, 2, 2, 2, 2, 0, 2, 2, 0, 2, 2, 0, 2, 2, 2, 1, 1, 
2, 2, 1, 0, 2, 1, 2, 2, 1, 0, 0, 2, 0, 2, 2, 2, 2, 2, 2, 2, 0, 2, 1, 2, 1, 
2, 2, 2, 2, 2, 2, 2, 2, 2, 0, 2, 0, 2, 2, 0, 2, 0, 0, 2, 2, 0, 0, 2, 1, 2, 
Layer [59] values
2, 2, 1, 2, 1, 2, 0, 2, 2, 1, 2, 2, 2, 1, 0, 2, 2, 2, 0, 2, 1, 2, 2, 0, 2, 
2, 2, 2, 2, 2, 2, 1, 1, 2, 0, 2, 1, 0, 1, 0, 2, 2, 0, 2, 2, 2, 0, 0, 0, 2, 
2, 0, 2, 0, 0, 2, 2, 0, 2, 2, 0, 2, 1, 2, 0, 2, 1, 2, 0, 2, 0, 0, 2, 2, 2, 
2, 2, 2, 2, 2, 2, 0, 2, 2, 2, 2, 1, 2, 0, 1, 2, 1, 2, 2, 0, 2, 2, 2, 1, 0, 
2, 2, 0, 0, 0, 0, 2, 2, 0, 1, 0, 2, 1, 2, 2, 2, 2, 2, 2, 1, 2, 2, 2, 0, 0, 
2, 2, 2, 2, 2, 1, 2, 2, 2, 1, 2, 1, 2, 1, 2, 2, 1, 0, 2, 2, 0, 0, 2, 0, 2, 
Layer [60] values
2, 2, 0, 0, 0, 2, 2, 2, 2, 1, 2, 2, 2, 2, 1, 2, 1, 2, 2, 2, 2, 0, 0, 0, 2, 
2, 0, 0, 2, 2, 2, 0, 1, 0, 2, 2, 2, 2, 2, 0, 2, 2, 2, 2, 1, 2, 2, 2, 1, 0, 
2, 2, 1, 1, 2, 2, 2, 0, 2, 2, 2, 2, 0, 0, 0, 0, 2, 2, 1, 0, 0, 1, 2, 0, 2, 
2, 2, 2, 2, 2, 2, 2, 1, 2, 2, 2, 2, 2, 0, 0, 2, 0, 2, 2, 2, 2, 0, 0, 0, 2, 
2, 2, 2, 1, 1, 1, 2, 2, 0, 2, 0, 0, 1, 2, 2, 2, 2, 2, 2, 0, 1, 2, 2, 2, 2, 
2, 2, 2, 2, 2, 1, 2, 2, 2, 2, 2, 1, 0, 1, 2, 2, 0, 2, 2, 2, 1, 1, 2, 2, 2, 
Layer [61] values
2, 2, 2, 0, 1, 2, 1, 2, 2, 0, 2, 2, 2, 1, 1, 2, 1, 2, 2, 2, 2, 2, 0, 1, 2, 
2, 2, 1, 2, 2, 2, 2, 0, 0, 1, 1, 2, 2, 0, 0, 1, 2, 2, 2, 2, 2, 1, 0, 2, 2, 
2, 2, 0, 2, 1, 2, 2, 1, 2, 2, 1, 2, 1, 1, 1, 2, 0, 2, 0, 0, 0, 2, 2, 2, 2, 
2, 2, 1, 2, 1, 2, 1, 0, 2, 2, 2, 2, 2, 2, 0, 2, 0, 2, 2, 1, 2, 1, 0, 0, 2, 
2, 2, 0, 2, 1, 0, 2, 2, 0, 0, 1, 0, 2, 2, 2, 2, 2, 2, 2, 1, 2, 2, 0, 0, 2, 
2, 2, 2, 2, 2, 1, 2, 2, 2, 0, 2, 0, 2, 0, 1, 2, 0, 2, 2, 2, 1, 2, 0, 2, 2, 
Layer [62] values
2, 2, 0, 2, 0, 2, 1, 2, 2, 0, 2, 2, 2, 1, 0, 0, 0, 2, 2, 2, 1, 0, 0, 2, 2, 
2, 1, 2, 2, 2, 2, 2, 2, 2, 2, 0, 0, 2, 0, 2, 0, 2, 2, 2, 2, 2, 2, 1, 1, 1, 
2, 0, 2, 0, 0, 2, 2, 0, 2, 2, 0, 2, 0, 2, 0, 1, 2, 2, 1, 1, 2, 0, 2, 2, 2, 
2, 2, 0, 2, 0, 2, 1, 0, 2, 2, 2, 0, 2, 0, 0, 2, 1, 2, 2, 0, 2, 2, 2, 1, 0, 
2, 2, 2, 0, 0, 0, 2, 2, 0, 2, 2, 0, 2, 2, 2, 2, 2, 2, 2, 2, 0, 2, 1, 0, 1, 
2, 2, 2, 2, 2, 1, 2, 2, 2, 1, 2, 2, 1, 1, 0, 2, 1, 1, 2, 2, 1, 0, 0, 0, 2, 
Layer [63] values
2, 2, 2, 2, 2, 2, 2, 2, 2, 0, 2, 2, 2, 2, 0, 1, 2, 2, 1, 2, 2, 0, 2, 0, 2, 
2, 2, 2, 2, 2, 2, 0, 0, 1, 1, 1, 2, 1, 0, 1, 1, 2, 0, 2, 1, 2, 0, 1, 1, 2, 
2, 1, 1, 1, 2, 2, 0, 1, 2, 2, 1, 2, 2, 1, 2, 1, 0, 2, 1, 1, 1, 2, 2, 1, 2, 
2, 2, 2, 2, 1, 2, 0, 0, 2, 2, 2, 0, 2, 0, 1, 2, 1, 2, 2, 1, 2, 0, 0, 2, 2, 
2, 2, 2, 0, 0, 0, 2, 2, 2, 2, 0, 0, 1, 2, 2, 2, 2, 2, 2, 2, 1, 2, 2, 0, 0, 
2, 2, 2, 2, 2, 2, 2, 2, 2, 1, 2, 0, 1, 1, 1, 2, 0, 0, 2, 2, 1, 0, 2, 1, 2, 
Layer [64] values
2, 2, 1, 2, 2, 2, 0, 2, 2, 0, 2, 2, 2, 2, 2, 1, 1, 2, 1, 2, 0, 1, 2, 0, 2, 
2, 2, 0, 2, 2, 2, 1, 1, 1, 0, 2, 2, 0, 1, 1, 0, 2, 2, 2, 1, 2, 1, 2, 0, 1, 
2, 0, 0, 1, 1, 2, 0, 1, 2, 2, 2, 2, 1, 1, 2, 2, 2, 2, 0, 2, 0, 1, 2, 2, 2, 
2, 2, 2, 2, 0, 2, 1, 2, 2, 2, 2, 1, 2, 0, 2, 2, 1, 2, 2, 2, 2, 2, 2, 2, 1, 
2, 2, 1, 1, 2, 0, 2, 2, 1, 1, 1, 1, 1, 2, 2, 2, 2, 2, 2, 1, 0, 2, 0, 1, 1, 
2, 2, 2, 2, 2, 0, 2, 2, 2, 0, 2, 2, 0, 0, 0, 2, 0, 1, 2, 2, 2, 2, 2, 0, 2, 
Layer [65] values
2, 2, 0, 0, 0, 2, 2, 2, 2, 1, 2, 2, 2, 0, 0, 0, 2, 2, 0, 2, 2, 1, 1, 2, 2, 
2, 2, 0, 2, 2, 2, 2, 0, 2, 0, 0, 2, 1, 0, 0, 0, 2, 0, 2, 2, 2, 0, 1, 0, 1, 
2, 0, 2, 1, 2, 2, 1, 0, 2, 2, 2, 2, 0, 0, 2, 1, 1, 2, 1, 2, 0, 0, 2, 1, 2, 
2, 2, 1, 2, 0, 2, 0, 1, 2, 2, 2, 1, 2, 2, 1, 2, 2, 2, 2, 1, 2, 1, 1, 1, 0, 
2, 2, 2, 2, 2, 0, 2, 2, 2, 2, 2, 0, 0, 2, 2, 2, 2, 2, 0, 2, 0, 2, 1, 0, 0, 
2, 2, 2, 2, 2, 2, 2, 2, 2, 0, 2, 2, 2, 0, 2, 2, 2, 0, 2, 2, 1, 1, 2, 2, 2, 
Layer [66] values
2, 2, 1, 0, 1, 2, 2, 2, 2, 1, 2, 2, 2, 0, 1, 1, 0, 2, 2, 2, 0, 0, 2, 0, 2, 
2, 2, 2, 2, 2, 2, 0, 2, 1, 1, 0, 1, 0, 1, 1, 0, 2, 0, 2, 0, 2, 0, 0, 0, 2, 
2, 1, 1, 0, 1, 2, 2, 0, 2, 2, 1, 2, 0, 0, 0, 0, 1, 2, 2, 2, 1, 1, 2, 0, 2, 
2, 2, 2, 2, 0, 2, 1, 0, 2, 2, 2, 2, 2, 0, 2, 2, 0, 2, 2, 1, 2, 2, 2, 0, 2, 
2, 2, 2, 2, 1, 2, 2, 2, 2, 0, 2, 1, 2, 2, 2, 2, 2, 2, 2, 0, 1, 2, 1, 2, 0, 
2, 2, 2, 2, 2, 1, 2, 2, 2, 2, 2, 2, 0, 2, 0, 2, 1, 0, 2, 2, 1, 2, 1, 2, 2, 
Layer [67] values
2, 2, 0, 2, 2, 2, 0, 2, 2, 2, 2, 2, 2, 0, 2, 1, 1, 2, 2, 2, 2, 1, 1, 2, 2, 
2, 1, 1, 2, 2, 2, 1, 1, 0, 1, 1, 0, 2, 2, 0, 0, 2, 2, 2, 1, 2, 0, 2, 0, 1, 
2, 1, 2, 0, 2, 2, 2, 1, 2, 2, 2, 2, 1, 2, 1, 2, 2, 2, 2, 0, 2, 1, 2, 1, 2, 
2, 2, 2, 2, 2, 2, 0, 0, 2, 2, 2, 1, 2, 1, 0, 2, 1, 2, 2, 1, 2, 1, 1, 0, 0, 
2, 2, 2, 2, 1, 0, 2, 2, 1, 1, 2, 1, 0, 2, 2, 2, 2, 2, 1, 1, 0, 2, 1, 0, 0, 
2, 2, 2, 2, 2, 2, 2, 2, 2, 2, 2, 2, 0, 0, 1, 2, 0, 2, 2, 2, 0, 0, 2, 2, 2, 
Layer [68] values
2, 2, 2, 2, 0, 2, 2, 2, 2, 1, 2, 2, 2, 1, 1, 0, 2, 2, 1, 2, 0, 2, 0, 1, 2, 
2, 0, 0, 2, 2, 2, 0, 0, 0, 0, 2, 2, 0, 1, 0, 1, 2, 2, 2, 2, 1, 0, 1, 0, 1, 
2, 1, 0, 2, 2, 2, 2, 2, 2, 2, 0, 2, 1, 2, 1, 1, 1, 2, 0, 2, 2, 1, 2, 0, 2, 
2, 1, 2, 2, 1, 2, 1, 2, 2, 2, 2, 1, 2, 0, 1, 2, 1, 2, 2, 1, 2, 0, 2, 0, 1, 
2, 2, 0, 0, 1, 0, 2, 2, 2, 2, 1, 1, 0, 2, 2, 2, 2, 2, 2, 1, 1, 2, 0, 0, 2, 
2, 2, 2, 2, 2, 1, 2, 2, 2, 1, 2, 0, 0, 1, 1, 2, 1, 0, 2, 2, 1, 0, 2, 0, 2, 
Layer [69] values
2, 2, 1, 0, 0, 2, 1, 2, 2, 2, 2, 2, 2, 0, 1, 2, 0, 2, 0, 2, 2, 2, 0, 0, 2, 
2, 0, 2, 2, 2, 2, 2, 1, 0, 0, 1, 2, 0, 1, 2, 1, 2, 2, 2, 1, 0, 0, 1, 2, 2, 
2, 1, 1, 1, 0, 2, 2, 0, 2, 2, 1, 2, 2, 2, 0, 0, 0, 2, 2, 0, 0, 0, 2, 2, 2, 
2, 1, 2, 2, 0, 2, 2, 0, 2, 2, 2, 2, 2, 1, 2, 2, 0, 2, 0, 1, 2, 0, 1, 1, 2, 
2, 2, 0, 2, 2, 0, 2, 2, 1, 2, 1, 0, 2, 2, 2, 2, 2, 2, 0, 0, 2, 2, 2, 1, 2, 
2, 2, 2, 2, 2, 0, 2, 1, 2, 0, 2, 1, 0, 2, 1, 2, 0, 1, 2, 2, 2, 0, 0, 1, 2, 
Layer [70] values
2, 2, 2, 0, 2, 2, 2, 2, 2, 2, 2, 2, 2, 1, 2, 1, 0, 2, 2, 2, 2, 0, 0, 2, 2, 
2, 2, 1, 2, 2, 2, 2, 0, 0, 1, 0, 2, 2, 1, 1, 1, 2, 1, 2, 0, 0, 1, 1, 2, 1, 
2, 2, 1, 2, 1, 2, 0, 1, 2, 2, 1, 2, 0, 2, 2, 0, 2, 2, 0, 0, 0, 2, 2, 2, 2, 
2, 0, 1, 2, 0, 2, 0, 1, 2, 2, 2, 0, 2, 1, 0, 2, 2, 2, 2, 1, 2, 0, 0, 2, 0, 
2, 2, 1, 2, 2, 2, 2, 2, 1, 2, 2, 1, 1, 2, 2, 2, 2, 2, 2, 1, 0, 2, 0, 2, 2, 
2, 2, 2, 2, 2, 0, 2, 2, 2, 1, 2, 2, 0, 0, 0, 2, 0, 0, 2, 2, 1, 0, 0, 2, 2, 
Layer [71] values
2, 2, 0, 1, 0, 2, 0, 2, 2, 1, 2, 2, 2, 0, 1, 0, 1, 2, 2, 2, 1, 0, 2, 2, 2, 
2, 1, 0, 2, 2, 2, 0, 0, 0, 2, 0, 2, 1, 2, 0, 1, 2, 2, 2, 2, 2, 2, 2, 2, 0, 
2, 1, 0, 1, 1, 2, 0, 0, 2, 2, 2, 2, 0, 0, 1, 2, 2, 2, 0, 1, 1, 2, 2, 0, 2, 
2, 2, 0, 2, 1, 2, 2, 1, 2, 2, 2, 1, 2, 0, 2, 2, 0, 2, 2, 0, 2, 2, 2, 1, 2, 
2, 2, 1, 2, 2, 1, 2, 2, 0, 1, 2, 0, 0, 2, 2, 2, 2, 2, 2, 2, 2, 2, 1, 0, 0, 
2, 2, 2, 2, 2, 1, 2, 2, 2, 2, 2, 2, 1, 0, 1, 2, 2, 2, 2, 2, 1, 1, 0, 0, 2, 
Layer [72] values
2, 2, 2, 1, 1, 2, 1, 2, 0, 2, 2, 2, 2, 1, 0, 0, 1, 2, 0, 2, 2, 0, 0, 1, 2, 
2, 1, 2, 2, 0, 2, 1, 2, 1, 0, 0, 1, 2, 2, 2, 1, 2, 1, 2, 2, 2, 2, 1, 2, 2, 
2, 0, 1, 2, 2, 2, 2, 2, 2, 2, 1, 2, 1, 0, 1, 2, 2, 2, 1, 1, 1, 0, 2, 1, 2, 
2, 0, 2, 2, 2, 2, 1, 2, 2, 2, 2, 2, 2, 2, 2, 2, 1, 2, 2, 2, 2, 2, 0, 1, 1, 
2, 2, 0, 2, 1, 0, 2, 2, 0, 1, 0, 0, 0, 2, 2, 2, 2, 2, 1, 0, 2, 2, 2, 0, 2, 
2, 2, 2, 2, 2, 2, 2, 0, 2, 2, 2, 1, 2, 2, 2, 2, 1, 0, 2, 2, 0, 1, 2, 1, 2, 
Layer [73] values
2, 2, 0, 1, 0, 2, 0, 2, 1, 2, 2, 2, 2, 2, 1, 2, 1, 2, 0, 2, 1, 2, 1, 0, 2, 
2, 2, 1, 2, 0, 2, 2, 2, 1, 1, 1, 2, 2, 0, 1, 2, 2, 1, 2, 2, 2, 1, 1, 1, 1, 
2, 0, 1, 1, 0, 2, 2, 1, 2, 2, 2, 2, 2, 1, 1, 2, 2, 2, 1, 1, 2, 2, 2, 0, 2, 
2, 1, 0, 2, 0, 2, 2, 0, 2, 2, 2, 0, 2, 0, 2, 2, 0, 2, 2, 0, 2, 0, 2, 1, 1, 
2, 2, 0, 1, 1, 0, 2, 2, 0, 0, 1, 1, 2, 2, 2, 2, 2, 2, 0, 0, 0, 2, 2, 2, 1, 
2, 2, 2, 2, 2, 1, 2, 2, 2, 0, 2, 1, 0, 0, 2, 2, 0, 2, 2, 2, 0, 0, 0, 0, 2, 
Layer [74] values
2, 2, 2, 0, 2, 2, 2, 2, 2, 2, 2, 2, 2, 0, 1, 2, 0, 2, 0, 0, 1, 1, 1, 1, 2, 
2, 0, 2, 2, 1, 2, 0, 0, 2, 0, 2, 0, 0, 0, 2, 0, 2, 0, 2, 2, 2, 2, 2, 0, 1, 
2, 2, 2, 2, 2, 2, 1, 2, 2, 2, 1, 2, 1, 2, 0, 1, 0, 2, 0, 2, 1, 1, 2, 2, 2, 
2, 1, 1, 2, 0, 2, 2, 0, 2, 2, 2, 1, 2, 2, 0, 2, 0, 2, 2, 2, 2, 1, 1, 0, 0, 
2, 2, 2, 1, 1, 0, 2, 2, 0, 2, 2, 0, 0, 2, 2, 2, 2, 2, 2, 1, 1, 2, 1, 0, 1, 
2, 2, 2, 2, 2, 2, 2, 2, 2, 2, 2, 0, 1, 0, 1, 2, 1, 2, 2, 2, 1, 2, 1, 0, 2, 
Layer [75] values
2, 2, 1, 2, 0, 2, 1, 2, 1, 2, 2, 2, 2, 2, 0, 1, 0, 2, 0, 2, 1, 1, 1, 1, 2, 
2, 1, 1, 2, 2, 2, 1, 0, 0, 0, 1, 0, 1, 1, 1, 2, 2, 1, 2, 1, 2, 0, 0, 2, 0, 
2, 2, 0, 2, 1, 2, 2, 1, 2, 2, 0, 2, 1, 1, 0, 2, 1, 2, 0, 2, 0, 0, 2, 2, 2, 
2, 2, 1, 2, 1, 2, 1, 2, 2, 2, 2, 2, 2, 1, 0, 2, 1, 2, 0, 1, 2, 0, 0, 0, 0, 
2, 2, 0, 2, 0, 2, 2, 2, 2, 1, 0, 0, 1, 2, 2, 2, 2, 2, 2, 2, 0, 2, 2, 2, 1, 
2, 2, 2, 2, 2, 1, 2, 0, 2, 2, 2, 1, 0, 1, 0, 2, 1, 0, 2, 2, 0, 2, 2, 0, 2, 
Layer [76] values
1, 1, 1, 2, 0, 2, 2, 2, 1, 1, 2, 2, 2, 1, 2, 1, 2, 2, 2, 1, 0, 0, 0, 1, 2, 
2, 1, 0, 2, 1, 2, 0, 1, 0, 1, 2, 0, 2, 2, 0, 1, 2, 1, 2, 1, 2, 0, 1, 1, 0, 
2, 0, 1, 1, 0, 2, 2, 2, 2, 2, 0, 2, 2, 1, 0, 2, 0, 2, 1, 0, 2, 2, 2, 2, 2, 
2, 2, 0, 2, 2, 2, 1, 1, 2, 2, 2, 0, 2, 1, 1, 2, 1, 2, 0, 1, 2, 0, 0, 0, 1, 
2, 2, 1, 2, 2, 0, 2, 2, 0, 1, 0, 0, 1, 2, 2, 2, 2, 2, 0, 0, 0, 2, 0, 0, 1, 
2, 2, 2, 2, 2, 1, 2, 0, 2, 2, 2, 1, 0, 0, 2, 2, 2, 0, 2, 2, 2, 0, 2, 2, 2, 
Layer [77] values
0, 1, 0, 1, 0, 2, 1, 2, 0, 0, 1, 2, 2, 0, 2, 0, 2, 2, 2, 1, 2, 0, 0, 2, 2, 
2, 1, 2, 2, 0, 2, 2, 2, 2, 2, 0, 2, 1, 0, 1, 2, 2, 2, 2, 1, 1, 1, 0, 0, 0, 
2, 0, 1, 1, 1, 2, 0, 0, 2, 2, 0, 2, 1, 2, 0, 1, 2, 2, 2, 1, 1, 0, 2, 0, 2, 
2, 2, 0, 2, 1, 2, 2, 1, 2, 2, 2, 2, 2, 1, 1, 2, 2, 2, 1, 1, 2, 0, 1, 2, 2, 
2, 2, 1, 0, 1, 2, 0, 2, 2, 1, 0, 0, 2, 2, 2, 2, 0, 2, 2, 0, 2, 2, 2, 2, 2, 
2, 2, 2, 2, 2, 2, 2, 0, 2, 2, 2, 2, 1, 2, 2, 2, 0, 2, 2, 2, 1, 2, 2, 0, 2, 
Layer [78] values
1, 2, 1, 0, 2, 2, 2, 2, 0, 1, 2, 2, 2, 0, 1, 2, 1, 2, 1, 2, 1, 1, 1, 0, 2, 
2, 0, 1, 2, 1, 2, 0, 2, 0, 0, 0, 2, 0, 2, 1, 1, 2, 1, 2, 2, 2, 2, 0, 2, 1, 
2, 2, 2, 1, 2, 2, 1, 0, 2, 2, 2, 2, 1, 1, 0, 2, 1, 2, 0, 1, 1, 1, 2, 2, 2, 
2, 2, 1, 2, 0, 2, 2, 0, 2, 2, 2, 1, 2, 0, 1, 2, 1, 2, 1, 2, 2, 0, 2, 0, 1, 
2, 2, 0, 2, 2, 2, 1, 2, 1, 1, 1, 0, 0, 2, 2, 2, 2, 2, 2, 2, 0, 2, 1, 2, 0, 
2, 2, 2, 2, 2, 1, 2, 2, 2, 2, 2, 1, 2, 2, 0, 2, 1, 2, 2, 2, 2, 0, 2, 1, 2, 
Layer [79] values
1, 1, 1, 1, 2, 2, 0, 2, 0, 2, 0, 2, 2, 0, 2, 2, 1, 0, 2, 0, 0, 1, 0, 1, 2, 
2, 0, 1, 2, 1, 2, 0, 0, 0, 1, 2, 1, 2, 0, 1, 2, 2, 2, 2, 1, 1, 2, 2, 1, 1, 
2, 1, 1, 2, 0, 1, 2, 2, 2, 2, 0, 2, 2, 0, 0, 0, 1, 2, 1, 0, 1, 2, 2, 1, 2, 
2, 1, 2, 2, 0, 2, 0, 0, 2, 2, 2, 1, 2, 1, 2, 2, 2, 2, 2, 1, 2, 2, 1, 0, 1, 
2, 2, 0, 1, 0, 0, 1, 2, 1, 2, 1, 2, 2, 2, 2, 2, 2, 1, 1, 0, 1, 2, 0, 0, 2, 
2, 2, 2, 2, 2, 2, 2, 0, 2, 1, 2, 1, 0, 2, 0, 2, 1, 1, 2, 2, 1, 0, 2, 0, 0, 
Layer [80] values
2, 2, 0, 2, 0, 2, 1, 2, 0, 0, 2, 2, 2, 1, 2, 2, 1, 0, 1, 0, 1, 0, 2, 0, 2, 
2, 1, 0, 2, 0, 2, 2, 2, 2, 2, 0, 0, 0, 1, 0, 0, 2, 2, 2, 1, 0, 2, 0, 2, 0, 
2, 2, 0, 0, 0, 2, 1, 2, 2, 2, 0, 2, 1, 1, 2, 1, 1, 2, 0, 0, 0, 0, 2, 2, 2, 
2, 2, 2, 2, 2, 2, 1, 0, 2, 2, 2, 2, 2, 0, 1, 2, 2, 2, 2, 1, 2, 2, 1, 1, 2, 
2, 2, 1, 0, 0, 0, 0, 2, 2, 1, 2, 0, 1, 2, 2, 2, 2, 2, 0, 0, 0, 2, 1, 0, 1, 
2, 2, 2, 2, 2, 1, 2, 2, 2, 1, 2, 2, 1, 1, 1, 2, 0, 0, 2, 0, 1, 2, 1, 2, 0, 
Layer [81] values
0, 0, 2, 2, 2, 2, 0, 2, 0, 2, 0, 2, 2, 0, 0, 1, 1, 2, 1, 2, 0, 1, 1, 1, 2, 
2, 0, 2, 2, 0, 2, 0, 0, 1, 2, 0, 0, 1, 2, 1, 2, 2, 1, 2, 0, 1, 2, 0, 1, 0, 
2, 0, 2, 0, 0, 0, 1, 2, 2, 2, 0, 2, 2, 0, 1, 1, 1, 2, 1, 1, 0, 2, 2, 2, 2, 
2, 0, 1, 2, 2, 2, 0, 1, 2, 2, 2, 0, 2, 2, 2, 2, 1, 2, 1, 1, 2, 2, 1, 2, 1, 
2, 2, 0, 0, 2, 1, 2, 2, 2, 2, 2, 0, 1, 2, 2, 2, 0, 1, 1, 0, 2, 2, 0, 1, 0, 
1, 2, 2, 2, 2, 2, 2, 1, 2, 2, 2, 0, 1, 1, 1, 2, 1, 1, 2, 2, 1, 2, 2, 2, 1, 
Layer [82] values
1, 2, 2, 2, 0, 2, 0, 2, 1, 0, 2, 2, 2, 2, 2, 1, 1, 1, 1, 1, 2, 2, 1, 0, 2, 
2, 0, 2, 2, 1, 2, 2, 1, 0, 2, 0, 0, 2, 1, 0, 2, 2, 0, 2, 0, 2, 0, 2, 2, 1, 
2, 0, 2, 2, 2, 0, 2, 2, 2, 0, 1, 2, 0, 1, 2, 1, 2, 2, 0, 2, 1, 1, 2, 2, 2, 
2, 1, 1, 2, 1, 2, 0, 0, 2, 2, 2, 0, 2, 0, 2, 2, 2, 2, 1, 1, 2, 0, 2, 2, 1, 
2, 2, 0, 1, 2, 2, 0, 2, 0, 2, 1, 0, 1, 2, 2, 2, 1, 1, 2, 1, 2, 2, 1, 1, 1, 
1, 2, 2, 2, 2, 0, 2, 1, 2, 0, 2, 0, 0, 2, 2, 2, 0, 1, 2, 0, 2, 0, 2, 2, 1, 
Layer [83] values
0, 1, 1, 2, 2, 2, 1, 2, 0, 2, 2, 2, 2, 2, 2, 2, 0, 2, 1, 0, 1, 2, 1, 1, 2, 
2, 2, 0, 2, 1, 2, 0, 1, 2, 1, 0, 2, 2, 2, 0, 1, 2, 1, 2, 1, 1, 2, 0, 1, 2, 
2, 1, 1, 1, 1, 2, 1, 2, 2, 2, 2, 2, 1, 1, 2, 2, 2, 2, 2, 0, 0, 0, 2, 1, 2, 
2, 1, 2, 2, 2, 2, 1, 0, 2, 2, 2, 2, 2, 1, 0, 2, 1, 2, 1, 2, 2, 0, 2, 2, 2, 
2, 2, 0, 1, 2, 1, 0, 2, 0, 0, 0, 0, 1, 2, 2, 2, 1, 2, 1, 2, 0, 2, 2, 2, 2, 
0, 2, 2, 2, 2, 2, 2, 0, 2, 1, 2, 2, 0, 1, 1, 2, 1, 1, 2, 1, 1, 0, 0, 1, 1, 
Layer [84] values
2, 1, 2, 1, 1, 2, 2, 2, 2, 2, 0, 2, 2, 1, 0, 2, 2, 1, 0, 1, 0, 0, 0, 1, 2, 
2, 0, 1, 2, 1, 2, 2, 2, 0, 2, 2, 0, 1, 2, 2, 0, 2, 2, 2, 0, 0, 1, 2, 1, 0, 
2, 2, 2, 0, 2, 1, 0, 0, 2, 0, 1, 2, 0, 0, 2, 1, 2, 2, 2, 0, 1, 2, 2, 2, 2, 
2, 0, 0, 2, 2, 2, 0, 0, 2, 2, 2, 0, 2, 2, 2, 2, 2, 2, 2, 1, 2, 2, 0, 2, 0, 
2, 2, 2, 1, 2, 1, 1, 2, 2, 1, 2, 1, 0, 2, 2, 2, 1, 1, 1, 2, 1, 2, 1, 2, 1, 
0, 2, 2, 2, 2, 2, 2, 1, 2, 2, 2, 2, 1, 1, 1, 2, 2, 0, 2, 0, 2, 2, 2, 2, 2, 
Layer [85] values
2, 1, 2, 0, 0, 0, 0, 2, 2, 2, 2, 2, 2, 2, 1, 0, 0, 0, 0, 1, 1, 2, 0, 1, 2, 
2, 0, 2, 2, 0, 2, 0, 1, 1, 0, 2, 1, 2, 2, 0, 2, 2, 0, 2, 2, 1, 2, 0, 1, 2, 
2, 2, 2, 0, 2, 0, 1, 0, 2, 2, 0, 2, 0, 2, 2, 1, 2, 2, 0, 0, 1, 0, 2, 1, 2, 
2, 0, 2, 2, 1, 2, 0, 1, 2, 0, 2, 1, 2, 1, 1, 2, 2, 2, 0, 0, 2, 1, 0, 0, 2, 
2, 2, 1, 0, 0, 2, 0, 2, 0, 1, 1, 0, 2, 2, 2, 2, 0, 2, 2, 0, 0, 2, 2, 1, 2, 
2, 2, 2, 2, 2, 1, 2, 0, 2, 1, 2, 0, 2, 0, 1, 2, 1, 2, 2, 0, 1, 0, 0, 2, 2, 
Layer [86] values
0, 1, 1, 0, 0, 2, 0, 2, 0, 0, 1, 2, 2, 1, 1, 0, 0, 0, 0, 0, 0, 2, 0, 2, 2, 
2, 2, 0, 2, 2, 2, 2, 2, 1, 0, 0, 0, 0, 2, 0, 2, 0, 2, 2, 0, 1, 0, 0, 0, 1, 
2, 0, 1, 1, 0, 0, 1, 0, 2, 1, 0, 2, 0, 0, 0, 1, 1, 2, 0, 0, 2, 2, 2, 1, 2, 
2, 1, 0, 2, 1, 2, 2, 2, 2, 2, 2, 2, 2, 1, 2, 2, 1, 2, 0, 1, 2, 2, 0, 2, 0, 
2, 2, 0, 0, 2, 1, 2, 2, 2, 1, 1, 2, 1, 2, 2, 2, 1, 2, 1, 0, 1, 2, 2, 2, 2, 
0, 2, 2, 2, 2, 0, 2, 2, 0, 1, 2, 0, 1, 1, 1, 2, 1, 2, 2, 2, 0, 1, 0, 1, 0, 
Layer [87] values
0, 2, 2, 2, 0, 1, 0, 2, 1, 0, 2, 2, 2, 1, 1, 1, 1, 0, 0, 0, 1, 1, 2, 0, 2, 
2, 2, 2, 2, 2, 2, 2, 1, 0, 1, 0, 1, 1, 2, 0, 1, 0, 1, 2, 0, 0, 2, 0, 0, 2, 
2, 0, 0, 0, 2, 0, 2, 0, 2, 0, 1, 2, 2, 1, 0, 1, 0, 2, 2, 1, 0, 0, 2, 1, 2, 
2, 0, 1, 2, 1, 2, 2, 0, 2, 1, 2, 1, 2, 1, 1, 2, 2, 2, 2, 2, 2, 2, 1, 2, 2, 
2, 2, 1, 1, 2, 0, 0, 2, 1, 2, 1, 2, 0, 2, 2, 2, 0, 0, 1, 0, 2, 2, 0, 2, 1, 
0, 2, 2, 2, 2, 2, 2, 0, 0, 0, 0, 2, 2, 2, 0, 2, 0, 2, 2, 1, 0, 1, 1, 0, 0, 
Layer [88] values
1, 1, 0, 2, 2, 1, 2, 2, 2, 0, 0, 2, 2, 2, 0, 0, 0, 2, 0, 1, 2, 0, 0, 1, 2, 
2, 1, 2, 2, 2, 2, 0, 0, 1, 1, 0, 1, 2, 2, 2, 2, 1, 0, 2, 0, 0, 1, 2, 0, 2, 
2, 0, 2, 0, 2, 0, 1, 2, 2, 0, 1, 2, 2, 1, 0, 2, 1, 2, 0, 0, 2, 1, 0, 0, 2, 
2, 1, 2, 2, 1, 2, 2, 1, 2, 0, 2, 2, 2, 1, 1, 2, 1, 2, 2, 2, 2, 1, 0, 0, 2, 
2, 2, 0, 1, 1, 1, 2, 2, 0, 2, 0, 1, 1, 2, 2, 2, 2, 2, 1, 0, 2, 2, 0, 1, 1, 
2, 2, 2, 2, 2, 2, 2, 0, 1, 1, 1, 2, 2, 1, 1, 2, 2, 1, 2, 2, 1, 0, 1, 2, 2, 
Layer [89] values
1, 0, 2, 2, 0, 1, 2, 2, 0, 2, 2, 2, 2, 1, 1, 0, 1, 1, 0, 2, 2, 0, 2, 1, 2, 
2, 1, 2, 2, 1, 2, 1, 1, 2, 1, 0, 1, 1, 0, 1, 2, 1, 1, 2, 1, 2, 0, 0, 0, 2, 
2, 1, 0, 1, 2, 1, 0, 1, 2, 1, 0, 2, 0, 0, 1, 2, 2, 2, 0, 1, 1, 2, 2, 0, 2, 
2, 1, 1, 2, 2, 1, 2, 2, 2, 0, 2, 0, 2, 2, 2, 2, 0, 2, 0, 0, 2, 0, 0, 2, 1, 
2, 2, 1, 1, 2, 2, 1, 0, 0, 1, 2, 0, 1, 2, 2, 2, 0, 0, 0, 0, 1, 2, 0, 0, 1, 
1, 2, 2, 1, 2, 0, 2, 2, 2, 0, 1, 1, 2, 0, 2, 2, 1, 1, 2, 1, 2, 2, 2, 2, 2, 
Layer [90] values
2, 2, 0, 0, 2, 2, 0, 2, 1, 1, 1, 2, 2, 0, 1, 2, 2, 0, 1, 0, 0, 0, 2, 2, 2, 
2, 1, 2, 2, 1, 1, 2, 1, 0, 2, 2, 0, 0, 1, 0, 0, 0, 0, 2, 2, 1, 0, 2, 1, 0, 
1, 0, 1, 2, 0, 2, 1, 0, 2, 2, 0, 2, 1, 1, 0, 1, 1, 2, 1, 0, 2, 0, 1, 1, 2, 
2, 0, 2, 2, 0, 0, 0, 1, 2, 0, 2, 1, 2, 2, 0, 2, 1, 2, 2, 2, 2, 1, 0, 1, 2, 
2, 2, 2, 2, 0, 0, 1, 2, 0, 2, 2, 1, 0, 2, 2, 2, 0, 2, 1, 0, 2, 2, 0, 2, 1, 
2, 2, 2, 0, 2, 0, 2, 2, 1, 2, 1, 0, 0, 2, 1, 2, 0, 2, 2, 2, 1, 1, 1, 0, 1, 
Layer [91] values
0, 1, 1, 2, 1, 1, 0, 2, 0, 2, 0, 2, 2, 0, 1, 2, 0, 0, 2, 2, 0, 1, 0, 1, 2, 
2, 2, 1, 2, 2, 1, 1, 2, 2, 1, 1, 2, 2, 1, 2, 1, 2, 1, 2, 2, 2, 2, 0, 1, 0, 
2, 2, 2, 1, 2, 1, 0, 1, 2, 2, 2, 2, 2, 1, 2, 1, 2, 2, 2, 2, 1, 1, 0, 1, 2, 
2, 0, 1, 2, 0, 2, 2, 1, 2, 2, 2, 2, 2, 2, 1, 2, 1, 2, 0, 0, 2, 0, 1, 1, 2, 
2, 2, 1, 1, 2, 1, 2, 0, 1, 0, 2, 1, 1, 2, 2, 2, 2, 1, 2, 2, 1, 2, 0, 1, 2, 
1, 2, 2, 2, 2, 2, 2, 2, 0, 2, 0, 0, 1, 1, 0, 2, 1, 1, 2, 2, 1, 0, 0, 2, 2, 
Layer [92] values
1, 1, 0, 2, 2, 1, 2, 1, 0, 0, 0, 2, 2, 0, 2, 0, 0, 0, 2, 1, 1, 2, 0, 2, 2, 
2, 0, 0, 2, 2, 0, 2, 1, 1, 0, 0, 2, 0, 2, 2, 2, 1, 1, 2, 1, 2, 0, 0, 2, 0, 
1, 0, 1, 0, 0, 2, 0, 0, 2, 1, 2, 2, 0, 1, 0, 1, 0, 2, 0, 1, 0, 0, 0, 2, 2, 
2, 2, 2, 2, 2, 0, 0, 1, 2, 1, 2, 1, 2, 2, 2, 2, 1, 2, 0, 2, 2, 1, 2, 2, 1, 
2, 2, 2, 2, 0, 1, 0, 1, 0, 0, 1, 0, 1, 2, 2, 2, 2, 2, 0, 0, 2, 2, 1, 1, 1, 
0, 2, 2, 0, 2, 0, 2, 1, 2, 1, 0, 0, 0, 2, 0, 2, 1, 2, 2, 1, 2, 1, 2, 0, 0, 
Layer [93] values
1, 2, 0, 0, 0, 0, 2, 1, 0, 2, 0, 2, 2, 0, 0, 0, 2, 1, 1, 2, 0, 0, 2, 0, 2, 
2, 0, 0, 2, 2, 0, 2, 1, 0, 1, 0, 2, 1, 2, 0, 2, 1, 1, 2, 0, 2, 1, 1, 0, 1, 
1, 2, 0, 0, 0, 0, 2, 2, 2, 2, 1, 2, 0, 0, 2, 2, 1, 2, 1, 0, 2, 1, 2, 1, 2, 
2, 1, 0, 2, 0, 0, 0, 0, 2, 0, 2, 0, 1, 2, 1, 2, 2, 2, 1, 2, 2, 0, 2, 1, 1, 
2, 2, 0, 2, 1, 1, 2, 2, 0, 1, 1, 0, 2, 2, 2, 2, 1, 2, 2, 2, 2, 2, 0, 1, 0, 
2, 2, 2, 2, 2, 0, 2, 1, 2, 1, 0, 0, 2, 1, 1, 2, 1, 1, 2, 0, 2, 0, 0, 1, 0, 
Layer [94] values
0, 0, 1, 1, 1, 2, 1, 1, 0, 1, 2, 2, 2, 2, 0, 0, 2, 0, 1, 1, 2, 0, 2, 0, 2, 
2, 2, 0, 2, 2, 0, 1, 1, 2, 0, 0, 1, 2, 0, 1, 0, 1, 1, 2, 0, 1, 0, 1, 0, 0, 
2, 1, 2, 0, 2, 0, 1, 2, 2, 2, 0, 2, 1, 1, 2, 0, 1, 2, 2, 0, 2, 2, 1, 0, 2, 
2, 2, 1, 2, 1, 0, 0, 1, 2, 0, 2, 2, 2, 2, 1, 2, 2, 2, 2, 2, 2, 0, 0, 1, 2, 
2, 2, 1, 2, 2, 1, 0, 0, 1, 1, 2, 1, 2, 2, 2, 2, 2, 0, 2, 0, 2, 2, 0, 0, 1, 
1, 2, 2, 0, 2, 2, 2, 2, 1, 0, 1, 0, 0, 2, 1, 2, 2, 1, 2, 0, 1, 1, 1, 1, 1, 
Layer [95] values
0, 1, 2, 0, 2, 2, 0, 1, 2, 0, 0, 2, 2, 1, 2, 0, 0, 1, 0, 1, 0, 1, 2, 0, 2, 
2, 0, 1, 2, 1, 2, 0, 0, 2, 2, 2, 1, 2, 1, 2, 0, 0, 2, 2, 0, 1, 2, 1, 2, 1, 
1, 0, 2, 1, 1, 2, 0, 1, 2, 0, 1, 2, 0, 2, 1, 1, 2, 2, 2, 2, 0, 0, 0, 2, 2, 
2, 2, 2, 2, 1, 2, 1, 0, 2, 0, 2, 2, 1, 0, 2, 2, 0, 2, 0, 1, 2, 0, 0, 2, 0, 
2, 2, 0, 0, 2, 1, 1, 0, 1, 0, 1, 1, 2, 2, 2, 2, 0, 0, 0, 2, 2, 2, 1, 2, 1, 
0, 2, 2, 2, 2, 0, 2, 1, 0, 1, 0, 2, 1, 1, 0, 2, 0, 0, 2, 2, 1, 2, 1, 1, 1, 
Layer [96] values
2, 2, 1, 1, 1, 0, 0, 0, 0, 1, 2, 2, 2, 2, 1, 0, 0, 1, 1, 2, 2, 0, 2, 0, 0, 
2, 0, 1, 2, 1, 2, 1, 2, 1, 1, 1, 1, 1, 1, 2, 2, 2, 0, 2, 0, 1, 1, 2, 0, 0, 
0, 2, 1, 1, 2, 1, 2, 2, 2, 2, 2, 2, 0, 1, 2, 2, 1, 2, 2, 0, 1, 0, 1, 1, 2, 
2, 1, 0, 2, 1, 0, 2, 2, 2, 2, 2, 2, 1, 2, 1, 2, 0, 2, 1, 2, 2, 0, 2, 0, 1, 
2, 2, 0, 2, 2, 1, 1, 0, 0, 0, 1, 0, 1, 2, 2, 2, 0, 1, 2, 1, 0, 2, 0, 2, 0, 
2, 2, 2, 0, 2, 2, 2, 2, 2, 1, 0, 0, 2, 1, 0, 2, 0, 0, 2, 2, 1, 1, 0, 2, 1, 
Layer [97] values
2, 0, 0, 1, 1, 0, 2, 0, 0, 1, 0, 2, 2, 2, 1, 2, 2, 1, 1, 2, 2, 1, 2, 2, 0, 
2, 2, 1, 2, 2, 2, 0, 1, 2, 0, 0, 0, 2, 0, 0, 1, 0, 1, 2, 2, 2, 1, 0, 1, 1, 
1, 0, 0, 2, 0, 2, 2, 2, 0, 0, 0, 2, 0, 0, 0, 1, 0, 2, 1, 1, 1, 2, 1, 0, 2, 
2, 2, 0, 2, 0, 1, 0, 0, 2, 1, 2, 1, 1, 0, 2, 2, 2, 2, 0, 1, 2, 2, 1, 1, 0, 
2, 2, 0, 1, 0, 1, 2, 1, 1, 2, 2, 1, 0, 2, 2, 2, 2, 0, 2, 2, 1, 2, 2, 1, 2, 
2, 2, 2, 0, 0, 1, 2, 2, 0, 0, 2, 1, 2, 1, 2, 2, 1, 2, 2, 2, 1, 0, 1, 1, 0, 
Layer [98] values
1, 0, 1, 0, 1, 2, 1, 2, 1, 1, 1, 2, 2, 1, 1, 1, 2, 1, 1, 2, 2, 2, 0, 2, 2, 
2, 0, 0, 2, 1, 0, 2, 2, 0, 1, 2, 2, 2, 0, 1, 1, 0, 0, 0, 1, 2, 2, 2, 1, 1, 
2, 2, 0, 0, 2, 0, 0, 2, 0, 1, 0, 2, 2, 0, 0, 2, 2, 2, 1, 1, 0, 1, 0, 2, 2, 
2, 0, 0, 2, 0, 0, 1, 0, 2, 0, 2, 1, 2, 1, 0, 2, 1, 2, 1, 0, 2, 0, 0, 1, 2, 
2, 2, 0, 1, 0, 2, 0, 2, 1, 2, 0, 1, 2, 2, 2, 2, 2, 1, 1, 0, 1, 2, 0, 1, 1, 
1, 2, 2, 1, 1, 2, 2, 0, 0, 1, 1, 1, 2, 0, 2, 2, 2, 0, 2, 0, 2, 1, 1, 1, 2, 
Layer [99] values
0, 1, 0, 2, 0, 0, 1, 2, 1, 1, 0, 0, 0, 1, 1, 1, 1, 2, 2, 1, 0, 1, 0, 1, 2, 
1, 2, 0, 1, 0, 2, 1, 2, 1, 1, 0, 2, 0, 0, 1, 2, 0, 1, 1, 1, 1, 0, 1, 1, 2, 
0, 2, 0, 1, 2, 0, 1, 2, 0, 0, 2, 1, 1, 0, 0, 2, 2, 0, 0, 2, 1, 1, 2, 1, 0, 
1, 1, 0, 0, 0, 2, 0, 2, 0, 0, 0, 1, 1, 0, 2, 1, 0, 1, 0, 1, 1, 2, 2, 1, 1, 
1, 0, 1, 1, 2, 1, 2, 0, 0, 0, 2, 1, 0, 0, 0, 1, 0, 1, 1, 1, 0, 0, 1, 1, 0, 
0, 0, 0, 2, 1, 2, 1, 2, 0, 2, 1, 2, 1, 1, 0, 1, 0, 2, 1, 2, 1, 1, 1, 2, 0, 
